27.711904114403293
38.25246627748129
37.494325597799616
48.878496314864606
29.72654357581632
40.06889424927067
49.47222696355311
79.8925759474514
10.066402401571395
29.630620701573203
71.04131502856035
31.529868989309758
37.789459192572394
50.93784411001252
12.533549928775756
26.579379737813724
14.492040688492123
41.5400312456768
34.2366329379729
60.273790321662084
63.129106578708154
60.33752275980077
50.52674388571177
53.5594976900029
49.56570824942901
18.947860547632445
39.45213457045611
12.114471331005916
34.114882930589374
46.729732493986376
68.69080397373182
68.9639292555512
68.96033556695329
64.94184781622607
23.361253668554127
44.07578594255028
60.04855306382523
64.27272703003837
51.64480658932007
27.04951957130106
46.037205068569165
23.133172111192835
26.680688293708954
22.156219133830746
30.58102621725993
56.42157619149656
65.14045068615815
47.09123855791404
19.501777575351298
63.433751564298284
48.43114531977335
-10.788964897074038
10.60724647832103
35.57263759430498
-17.875730828382075
30.21565909948549
33.16341382669634
58.224472944857546
57.84252903540618
8.888489838136593
28.132301803270817
30.111720049171705
44.01899020158453
66.8103479227284
52.19820379061275
35.28208826755872
14.036594088975106
43.7677377340151
13.461880529212067
56.112427591870066
26.108034654316725
40.715577418450266
17.0987732213689
32.17847722626175
43.967757603968494
45.099404925713316
34.11709882202558
-16.568777255815803
20.663928189242142
20.890697670984082
54.523889824486105
45.09229664836312
70.42874609178398
16.612008692754898
15.873577231104717
54.739763333054725
-25.11203441536054
16.3421156736149
60.674219300562974
35.43424855743069
-14.372942567933931
48.174447439669166
26.288309460505843
40.92158077110071
55.03858414449496
36.44801159243798
27.66257541370578
15.631959438178454
27.16915065102512
19.14666581869824
30.76523711060872
54.25656959996559
77.07020138186635
64.12496394768823
53.324430144857615
15.967429872398496
32.16930295602651
57.70403276255819
21.683753202160005
52.1989392087562
30.126759121776555
49.44380287342938
-12.589796661632136
21.251421240594937
30.434599153522864
8.39159254464903
34.04113241122104
50.6270882258832
15.589655754592966
40.580168152519036
31.549798555352023
27.885407163557826
22.903719918394927
-3.2786307740025222
22.78676400819677
22.08036809533951
24.882952657935675
22.797279145015636
36.75536693626782
36.31545978714712
27.687235876510382
10.069046553689986
34.848950664309086
23.42733214791224
72.12018734717276
73.61185953923268
26.94758763536811
58.93074491468723
49.903517116763396
47.80997885100078
58.454572684422594
40.5443505209405
26.644065235450398
20.94884796133556
36.09876399859786
34.78229918910074
15.967972495855063
25.301255737576867
54.25584467448061
54.291066610312555
43.01423542710836
-12.865970441635
-28.52817647017218
32.141529908403754
43.69304476567777
28.098723399307342
65.41099852620391
24.373400009062607
56.10003688198048
40.04156795599556
54.589164434582926
19.84484499989776
31.91033918992616
28.607645089505237
54.746049515961204
47.33867772229132
27.73964859807165
11.59115920199838
34.11416896269657
29.437903031066522
65.6670017473516
60.083943737845395
34.915045183879556
48.24981736019254
41.76278256200021
19.765396951697767
44.163187227240996
40.33348271113937
46.79915832239203
23.36039757283288
36.38415565219475
33.05415603972506
30.618370464071628
38.36703717170167
47.83486871601781
20.21697408927139
27.08769256787491
12.458278860140126
36.78244480106514
25.589672186470125
32.30145734778489
18.567623772105435
69.70846173644532
-12.547823377826717
42.99776154512074
30.011898789962284
24.17703752144007
30.36353828865685
4.615185265720356
37.6823828308261
23.903665864054346
42.83384304726496
51.14636509824777
30.214904304739317
40.448681691486854
40.5164068841259
38.25266084240866
54.81450975785265
56.173177936580025
23.47591040088446
31.368125942390176
60.081841346982394
56.68916680006077
57.0643700310029
60.521084055653766
38.19401024302351
58.23512914867023
49.23151378752664
5.8401808215421624
49.37056704220595
28.42015887799789
31.22142886568326
19.006478171650087
18.511755058716517
28.71538216786575
6.103959547908744
76.80023060529493
44.88710838340921
24.16137500986224
-15.993105488450963
44.473757471860154
45.88393601879943
21.371535406069597
20.491910479904618
20.130536721262615
-11.259076301939785
35.19110152119538
20.18238304226543
84.53132144641131
-11.782339114688511
44.72341372165829
42.90030521369772
32.897471587057225
38.650940847583115
35.0861060389434
41.485967524931766
-9.503299267453258
18.334926947864005
12.764867217265419
30.959140945924442
44.08045927921194
29.187621021992523
-0.323362548078876
33.18223373789806
48.40082772716414
26.371718826703727
45.548059426801046
34.552093350794166
40.709308195800986
30.792914818448477
44.102175450098
27.247178573452402
56.902910905773744
43.14304758954677
44.17684543150244
11.202576869982295
56.43244543098262
40.1039062293421
34.060867776861414
55.25484036770649
44.72725447121775
38.98475031601265
25.73292098531965
12.73486790669267
1.088681065084529
49.56135795873706
36.6125500673661
35.44439789184253
35.28092768610804
60.655411632615134
59.401753102429204
23.839083755228785
50.21107844368089
18.239862602058565
9.454480770364171
64.19156257761642
27.919422522245437
41.970162057259586
44.59250672953203
64.38887844560668
15.307413254049605
18.837321807222907
69.37575625197496
50.29656846236321
-7.360908856389869
34.97351968908333
9.159318360616453
64.69342152558966
38.912013485241914
11.332368956573191
34.77707448255387
62.6374452462187
31.77932951293769
12.816676487636869
29.88742341767647
-28.477185930569245
15.638069206033832
36.70247005065903
44.1749402161804
47.840330643521156
24.07997168629663
35.3010279177397
27.759071235777807
17.973600206460105
51.719397717533866
52.445520496257814
33.06916396068118
57.024887342413415
47.04770471871598
17.871427843056154
50.35792136550299
37.13334018975729
63.79999984928872
18.76009460320347
17.65055632131407
31.565921493165657
-2.7953209084444097
49.837465840391815
54.479556443402544
41.577623422199395
41.36453653409262
21.0081086246646
44.76402724030777
34.84825525665656
52.515879717248026
58.05644226347794
64.19330130738672
-10.725586732951342
39.81985582213383
17.562370536325034
59.96324301377171
58.57594832850736
37.72752212098567
33.15956832302618
18.315451082889922
26.872748525056522
-20.55557124731422
56.24758296253275
28.43229470599908
-4.441344383303658
43.64894740501768
22.074590586998966
37.00841186073376
28.87993131225812
52.98640440887539
76.96384518058039
15.342542982398298
28.586279201408612
35.738153654529015
20.989281569200102
23.377764149336144
34.68059054139303
23.464740144117968
48.29175367412972
13.396285081034875
16.58686218324874
50.84684359462699
-1.0279695881763473
2.9188633416197263
17.13842563040089
7.760973910626489
37.62691841548076
36.68870423716726
34.64205049385782
25.87044264364522
32.56195184367243
4.1309845124487765
35.055232374725165
11.822962765290868
35.125645955849905
28.945550503703995
59.228272861219004
70.30758113687625
30.612893477518806
40.77248255634913
22.384551369032124
52.41635042330017
46.61868758266792
51.953573526407126
66.64000852906611
53.239700401900336
43.13132620736724
11.352387967781397
35.980294410546776
57.1789442692534
64.25141470972449
52.976041377405636
23.196292433567578
51.437810000788886
46.970347503520316
29.745134211407272
55.70395629256381
7.296243919518019
24.17775944340974
12.933760887881363
66.73577540932456
8.970198055612855
20.764226691972
49.01226815636619
49.47594894329086
38.693734479602426
9.500559962179977
57.23320317920297
37.77522452946869
61.72509669122518
69.85707019921392
13.512768984219292
37.36501918028807
68.73734317487106
63.88020145677728
54.53513597021811
21.482986446790164
46.51915804861346
63.900998036842786
57.77015849162125
42.729509438504465
40.5388078019314
53.50014313298743
54.73686543627991
36.798684290988604
12.493508464103797
22.849085850612028
19.51473760418594
17.393913269552286
32.111565927334595
33.4280942188343
34.21660694948514
11.413510763668455
25.157858760212548
64.72297373256879
54.79300359511399
67.21867138403468
41.81932255014544
15.452304255450143
25.66651297165663
55.92859308962942
39.433479337458266
-17.09533887624275
51.41795114177512
38.46277812262997
71.51529435650446
49.36572906881338
70.29792146931868
40.67503067562939
34.19793993598432
49.12259291158989
35.48363735244493
28.83015092083951
23.801075197843602
37.142107496765675
40.10616910090903
20.562280027661473
57.605123663961415
18.676662708458025
26.94248241459718
42.99805048285634
80.40219106769655
38.71716352296062
35.12078846397344
68.18301497987704
42.78179976681713
18.604456452158047
11.442429095768603
38.924557717109565
14.720525080338119
58.83257895038695
42.22764915903099
45.901542684441665
28.40238071948988
16.84853876431589
9.043531932184123
46.37157169781858
69.60745579126524
50.768969938508235
20.346684850665042
31.060136688756753
24.006037969957106
70.29947781411465
60.15348369110142
37.3891658258799
-15.054482205596285
59.71255099429981
49.809397856733995
51.86197542279842
27.08295014599571
57.957574838655994
65.42604110873071
21.109061888273573
19.546527720376616
36.4421638638305
31.252060923725363
49.18613260088023
36.54121083818609
17.668211099953623
36.13643087010132
31.524503462424033
61.81629963175509
13.055780398281058
17.179536785261007
13.998965545033569
10.555360093349009
69.37468800024362
25.757466052891687
33.873377603595145
37.08484207018046
33.81194022440468
14.19127433473477
26.520803641324164
22.361671842372743
58.71925385363283
19.883449110056972
81.38863214117009
24.78310732585669
43.65159764056443
55.61494899156968
57.73184232384664
16.987850013538264
56.23557711296598
16.19745587959187
-19.64303358545294
34.932605472931755
29.224445215368174
32.43025006813696
46.422470811376115
12.716616779653123
61.248072981834405
26.44309640963911
54.72772098946734
62.22176106384722
-1.80115525254223
30.54337079665856
14.652344075875588
13.7888406359707
34.39873876195634
17.686323329689912
34.88299916862161
45.12428240777808
29.037606678321023
51.48443477155524
49.68841196896392
50.05351899890229
68.6082803629688
40.023337697493844
24.66277262137737
56.13044167039333
30.241615886916403
42.941174369479995
28.6847757815849
28.620291128754612
38.9846046018647
44.450787385721924
58.21146083908388
16.58413013574318
7.550128776711062
48.622466655797325
35.2613264680258
25.79173988196999
3.2911325239183498
25.535072456113994
45.502998439769726
24.584037679960602
62.99673026951495
46.007258737517986
31.466244623152303
84.9002700750134
-19.38128549627436
45.564935500442516
41.34373258493724
56.088822526362485
20.569597808935214
56.09853179776109
50.613166107359575
74.31695535779
17.549240538210142
14.671279967296867
15.96673367457697
72.95656614733161
58.3057249248668
16.02924209291814
59.1352952447778
14.584186986030543
23.534709853265667
20.239060646417784
48.1668621468998
71.02006063505542
-23.33035041556286
43.97452148987213
36.243346293849754
44.35322906792862
21.088288567989366
30.674991162959483
53.7177883728873
60.161082253034685
34.393465914035914
22.725884184910683
43.13261385104852
18.76985729613807
43.88399536619545
20.94748170566163
75.7973745567142
45.844307037623366
47.03700069439947
53.636785699927714
54.84317381051369
40.90894188702805
-3.97043475168175
15.702500884799518
28.941253924858753
32.81076325220056
81.79705897928216
48.76584227458807
30.42596838859026
44.60267841786845
7.307287881849333
29.644414593349207
43.910265021258965
13.346155427279882
-15.071695424921925
49.9600475486659
13.73477323941188
23.63522739324253
60.35939505891292
13.22405748142046
20.201683171035256
37.09884535783203
18.769854019774357
37.14041778584942
19.520785559871
21.010782085068058
53.253765060799196
43.969492592441384
34.50024783087429
18.812448782409774
30.880903015349755
31.257951367297206
-8.389002958938363
45.359384635230526
14.762810530010027
39.367531245807186
32.54679610981839
46.092613735527266
2.000926800974412
40.47028027125634
45.80693483148934
77.50462575349957
42.3527437793382
29.055072383926014
-3.452499050399638
43.976495912647806
33.0043439171277
53.54959237811272
71.7432312812889
43.61685617332114
40.88430912815966
45.03508955676807
61.27315586636541
16.890215754392557
11.457577451801626
42.55171596596483
25.226742406084668
22.410923187271692
53.15534449837287
27.49860305339098
26.631138747325167
16.831559300771914
18.4305096467142
20.19556918166927
27.946690822136585
33.94663516883156
51.33249091595644
0.10776028902910184
51.87527679372579
54.28071092173923
29.808565348503176
22.186990955742658
21.254627079542843
48.8527000277827
21.27193444466684
59.59826529870042
20.82757237512851
65.94153300393373
35.91703587953816
62.817156083474394
54.17899392268737
31.35655415971996
18.798206728388323
35.85428509104531
65.17314004304353
60.010600277746555
39.198785913322354
50.99446713793441
52.93254639400402
41.05072602251312
32.80318099568831
31.78215587540762
49.08051507882192
63.46182884444715
15.145945450058205
42.76437283406267
13.939124054013517
50.75822205544682
27.05354307690868
64.87915664183674
18.434058121056296
74.27726137975696
51.426855254976545
6.600236443046015
76.85857538308483
45.6541167171963
21.062183984031435
24.84621976618655
19.547034367133165
67.80399125127587
28.31793331133667
22.46515964070568
41.440607301774435
44.662756752222776
39.40991825729725
17.403146720607765
65.08458345051622
20.3787662947434
34.40244096564129
40.257391279010335
32.244114277273184
76.74298853235086
56.74845009125419
17.295595150790177
64.19763324956875
8.66325992756174
32.957065892696846
19.862437737174332
35.8541764668189
18.383205887221266
38.58153269102331
42.326032354321796
64.52470767544582
12.432839052780764
33.106236281309975
38.259731442667544
14.190604476607403
36.71163729886757
22.2780097508803
37.196131733071525
17.569527815066976
14.172785895061677
-4.052173070886056
46.48057968443027
5.24653239735926
19.85270206714631
23.928465315839276
35.42455886126845
18.112675105658127
59.89795118803158
35.84459139601677
8.823559569282224
44.32359243510291
17.844710453573498
45.66710656945361
35.98122164330562
30.224429512600178
33.514126265072264
11.542281998845283
2.186831947074097
24.635016798129072
31.335067458712725
54.17366475012386
51.192855258705094
16.59748215606669
19.644892127325875
61.47321750613627
22.173337198910303
-26.716134613525355
17.96296929678647
21.490898055344587
52.175588623504154
72.27491868106881
-26.075597069120704
24.647634000575636
46.14370086565032
36.66699610548676
71.63388918415876
26.598976142850006
25.346929786610417
14.647603824778342
35.58117936481722
20.535039986134507
25.293938342656475
47.02150499797426
47.011424659285694
35.51856161939213
52.99098556206445
66.43610400060425
72.9361424135277
14.32328626688104
27.06563681422267
8.230446709421813
11.124611017294228
44.11258999753045
47.48003895801958
42.57269624504261
69.7972985508386
23.81033997735358
40.877178669325076
32.63410093495622
-31.142044603166138
29.374553226807617
-19.587745666467526
30.55156728296424
20.915059814433334
19.4994913184928
40.91226868622471
34.15355866236496
24.65741227642866
37.25257568075904
29.224173375405368
42.156097926635994
15.779275304521432
32.95563256324385
35.278547275811434
50.939941803517286
42.84919152560178
71.25064959836891
39.885265815246385
48.296800378739135
24.582332865247736
64.09168232203228
48.65154079088825
55.41757739702006
48.2233715345501
54.016672790749
13.383904378133593
-14.94551474952459
24.018151343625505
16.746323377083172
22.25656309747137
43.621518899453804
59.299527721304905
19.974666771304328
17.296888116106857
23.317531998327468
33.12936659058323
58.14951881911838
25.010560201189946
58.16551715251989
62.110242721246316
34.749092649144586
55.37390586541732
19.641513669193955
27.064050763874548
55.852794421662104
38.79746987586259
23.118521715514362
19.419548237056006
16.571655390725937
44.849309261189774
43.69733708808781
35.571155027719215
8.706284818799759
21.576192443899345
37.22333047626307
37.140008303686045
51.215756639430765
37.186095916695194
8.225249136557977
50.40447255887557
49.395529425964924
53.65288679895457
35.06879545311676
10.675163391715614
68.02009746461408
11.691668996354565
71.81683690287173
48.294277882087044
46.143079709872836
20.739333978417562
15.342864351987371
15.225002067745661
38.019316509598866
21.688983353669755
38.94873419922078
-7.247361143163288
33.22847656454542
44.319768632703926
36.13177785737207
21.246927924948977
71.9057824506308
45.033195822907146
29.273232560808534
-11.194183831867122
27.582594217528822
48.62952201146982
41.15295339433942
24.840321405645227
61.354557046433904
22.954591365123633
40.90731051765033
10.772774386714445
64.74793225934263
43.8679248392873
50.222364364162786
44.50702217000071
28.083235294616312
58.05076746619306
12.308493366435869
33.22527137279394
43.79554484621622
68.47667247348
16.346675800014054
32.938354291400174
29.29335859844286
28.485507427831177
53.1643465423258
23.15248592713033
33.37786913034506
48.34876751920092
39.98014780881931
20.260056150436867
18.53676210012054
51.46250949183013
14.385506413236724
62.526897272618946
34.32948532354203
16.283747909983504
51.80275928287301
59.735785970406134
25.970720768964384
86.13064965902595
49.17564960123855
23.23078566987533
28.941851929994296
72.4318541935645
34.618501624208875
12.763727742276387
28.552973807381928
66.20542859236593
59.91967582376673
14.924566873378351
40.27768861524237
60.237714339746155
38.913270737975836
34.01987773613655
55.82897162748849
61.962940632656675
36.78188805715763
56.491940081468776
48.25407451571664
11.39177402437781
-13.924893163311934
82.21270454814658
49.75841725099599
35.60530243412359
24.748271971475333
9.398565784067614
20.397584407328395
51.05201127153123
50.7425994015648
31.423312792321664
41.45607757745893
14.116608919721328
52.02614021327463
63.31808687973534
42.20362945343368
49.136893861577846
40.06888539806823
19.18611259170575
11.28932270075893
34.79325722437352
32.97818666032981
68.76886180689326
25.73999584201374
-4.795280813777936
49.54797317041084
77.1806284377817
62.92817514186026
33.497346705553355
13.945453417909446
16.157577263948042
68.3018110365083
31.118149497342525
20.201298120809952
18.505247920984402
51.84747222228907
32.4625277906307
23.844723692309344
27.406847577367444
47.093726553430315
26.563248042657506
41.828861020621844
59.64690013061044
-14.775483054654613
