24.249535940543865
57.58860084170009
49.41140480077593
51.02330319750763
52.062897908035666
54.92652386164991
16.502617419064336
47.984076267675846
28.816153755906267
55.82135375661891
51.260540814109845
40.37506841268623
13.713738758451655
51.343795423963456
59.73355532551067
20.17507844720967
28.618046649353342
54.752448671206366
34.31383876813925
24.467332433414413
21.634842286948697
24.840958576533012
28.494415296518124
41.94376772902615
36.67892596567981
40.147683415489155
37.93637776761898
48.30186506296741
43.19443869680981
32.18568386218976
27.006736691691913
33.95957212014764
53.8202469542739
51.71523236349458
38.07421670280746
30.883100001665294
61.88825122007983
32.961472942406544
55.80923864763462
20.62879859295208
39.107195075121126
43.379485140394536
49.34174212467042
18.332811024811235
49.818863351174514
52.02062035132258
46.999892166786594
21.61859485113382
59.13687154024955
44.07276313686452
33.07338117665495
53.89980182808358
56.64121470472309
31.62898032533121
45.97596110397717
17.600370356012718
53.89807772626227
11.648839425288315
57.90849791374057
52.90649596936419
33.44672654675378
29.87245892109058
21.512561984491185
23.50598910052213
35.07268766843481
59.171144800711765
43.35948668776837
38.04711285956728
40.556863787787734
30.0283206255699
57.64040294598089
20.16508539654751
14.110383748993625
38.61601869139122
38.24841986570391
41.352531130905845
37.5874615569046
51.27313311313628
62.98407667563878
59.19112349474744
51.83831740505411
35.94087239689543
60.03070101796765
19.665958394034533
19.75563623200287
29.06577535504766
58.70921533169166
55.5162041378935
57.73805682838428
58.652976451412535
62.52046523586613
41.83712415397167
55.86752789968158
20.444316076827818
33.237701088000904
20.64423335250467
37.28638490792946
24.78429339134891
18.78396372703719
41.91061565397831
37.12389649808756
62.13717087848635
51.26445296482416
23.177690711600007
56.735244706214864
38.13642232053098
30.53845411086513
20.26024233782664
47.929637831111904
48.01197082451836
39.38036741237738
32.32992381017539
43.39102777739754
48.291750717544346
34.738729638411314
44.32810015168798
45.188138333833194
55.211145907014725
17.177260406060668
60.66158544563222
29.797769834840434
53.71576611651108
11.268136171747756
46.361814843839966
25.989612608464085
40.30610507106758
34.953219690942205
50.55889862123877
20.246737634806777
49.569685457026935
50.15527083523921
35.41155767488817
46.06713935500011
40.34260812950379
44.43454922293313
48.561774414702086
17.253457322476606
57.47542325334506
38.71794647675415
36.537566045080894
45.42708304070402
43.40374391467776
57.72395011917978
39.55055198966875
21.868185215134872
26.630842798476806
16.184318039267964
44.108485801916686
17.036015095982293
60.434579825596295
35.26361177646322
38.49655388876272
34.831482193112606
56.23781551112187
54.17312171739468
33.03165226789133
51.489740614488255
55.86350048251915
21.93485781972413
31.847825004660987
17.638679130686796
20.070030812712503
51.27902696731326
51.14799560105894
55.07688059733482
18.096129086916335
42.94479920317826
27.202657301313593
34.44667383701017
40.77748672389134
38.49968154572707
25.00907635112526
53.8001253236871
51.8857108138036
46.31591639117687
36.90404688968556
45.08884086935723
22.765240324224578
56.14953215554123
30.797792419252797
15.243810439096704
20.049612739967415
51.400418032790185
55.57168218583683
30.425022345661997
21.528366332495352
32.64257531845942
45.5073206423549
37.25967529680929
40.14598771063902
34.076258960340056
18.967610820072878
36.53481729161285
40.196497847136925
14.941387594808473
31.230099196909574
21.90502783341799
25.52958201704314
50.01480869395891
31.965792786286325
32.39915308295167
20.50751430397213
26.033172903044033
33.34852388870786
58.88876072349375
26.810580521123484
31.48358671860478
30.340678504217063
45.32855208926776
16.75443091971829
42.39779230156273
38.251336450412055
35.17143655917607
51.887590833212016
19.719337975766393
44.712892655297765
30.560318052084764
18.320233302438282
36.638477269298164
59.93235554669808
32.04864259714668
44.48729991854634
47.33325570705347
37.23595109040616
37.52528737459215
42.08033283757686
20.528875835225335
38.03092381604074
22.689064138830872
28.82491662203392
38.46311512643297
39.60225211631041
15.807106779902822
30.214314072509293
35.37133772369998
30.036888573158645
28.999347973513064
10.256119332188973
31.996434984466756
52.37651982133684
40.85032339753525
58.4780084540398
57.11464024425367
18.457794504138292
24.737540094793076
12.163889441944775
30.275030661505294
57.89229115798661
20.517646042935667
56.690167924534755
16.484233529990888
36.73343016525905
27.845436943971432
40.711123504297575
56.17058047646423
18.66145549738576
25.02941058301076
54.1579427466786
52.72324213437969
29.72611903787765
17.70465606405196
44.44125279514992
17.984066125791287
35.34779506844643
13.424054415190767
58.76891023654024
24.052346497410326
50.36254469669075
18.570831487159012
20.2094429940189
37.06929214022239
47.03653579126694
38.23967278331111
55.20346001176222
40.050369442178635
20.266174017524463
54.59731434566493
20.38657124794554
43.07177330265404
21.140598269630573
20.15099217151146
20.28787053513952
32.95482588255254
44.34874497128476
43.25333320739446
41.736944429794676
15.526465691073097
23.762524859557743
51.4810116852459
59.29074880732514
53.359588915191125
20.96045588823472
38.756495171401184
47.51410447170201
23.01442399948428
58.73461573646636
36.31125574975158
41.30437050407636
42.325031923974166
21.15546224558784
49.375520143439644
53.68443700390344
20.134096459878492
24.54231542542402
16.0191138049413
34.181256246665725
31.71995302000141
58.7188330340723
40.51600862039777
53.1673682948167
49.62395830079913
22.16369679554191
49.527921148910536
36.84748714185844
33.12552064162446
57.0449119361001
19.359384663766832
28.96191420513787
19.42519325293688
58.63951020801323
52.54203756558127
33.10174114740221
60.56864352212869
21.19880993559491
36.80676799704088
54.58076761860866
45.60683508680086
23.44949438229378
35.33626849130087
19.22868465007923
16.42314149721642
29.614188259802173
20.800643930851948
21.38863300860976
22.780527877694112
51.07313549888204
38.15649304196995
32.285701790533494
53.836589905040455
38.43936185730854
37.7811036138155
32.625883742730366
23.936209785097162
46.84893864723563
58.5263514680264
41.90504870166478
21.076977414486464
21.5999470472525
60.28067666193237
53.94923047097109
41.89925823629892
56.765459804955746
26.09296133814496
24.72094296172145
40.01324018026935
49.03168055789138
39.815782454024884
18.161399984091986
24.92047307205212
22.362913680262864
37.763983753393404
56.55716454639332
47.98349236443755
27.344583020021673
44.5511435282242
36.11999579916301
55.603018880356096
41.926810845325235
51.080782898498
36.65102470113197
20.69861838062934
56.38773707323707
52.701234351843596
38.03588543232763
40.58580522032571
50.83480669600249
19.116178926924476
29.76082785062317
60.531151986288016
32.53175484351232
21.038587363727856
50.76084506836196
38.20264745372697
26.74484579692944
20.706272198185616
56.24847960134502
34.479189371995744
19.486703781149117
52.71443393176014
35.41692661347042
55.00076530406659
19.72438964949106
32.49537211122515
28.931336108871616
53.490420358866686
26.122096706967568
18.98319119009102
20.70095115705044
34.5400223548495
37.40833094052505
46.33683352985827
59.05990382161689
27.357529903019895
29.981871940253765
58.57648669771151
59.88687206481699
40.89236272047856
34.231846647526254
43.17917009975645
39.287182185580605
44.14082804323698
18.642484015072114
39.77335438648879
32.462788970951806
37.452690225836704
18.728787980944617
54.58808745825081
36.17334485788888
22.276983881783963
39.05459666275419
37.03617750106787
54.31074387670378
36.16481341960025
20.92828588138218
30.586839681564012
25.12368351126497
54.720635989360744
38.02064364645048
34.33725361683173
44.79504260016256
23.871094629794243
38.62796074245125
19.915668868634384
37.29757429464371
40.25105779510341
22.55961898554233
45.366807613754645
45.89885760942707
54.75711355502426
21.87234334414825
39.28581155232678
31.74040639605664
55.658850277904996
27.472090387527714
39.6871810691664
38.224448032997316
55.20309934436227
42.4423392956669
22.99343057675287
25.583298847050173
38.3756942479522
58.82267528759257
32.274989546931465
37.313562168128556
44.06394083453051
48.622349288416444
58.656251988941214
39.70467254803225
19.790117377851857
42.11759667596198
31.153181620175015
50.85056508760317
30.131542356321003
44.0040101078921
38.12618185693282
55.350698425172595
15.896434689784654
45.52030452687177
37.156540432260954
45.3707559256145
20.927674011727504
21.93628374570835
55.244843282707734
37.303894293290796
54.171474896065774
41.16371770614933
37.21704464587674
39.70262453913165
39.44614443462342
46.894586585767684
52.446817486634245
33.63434913335368
46.11540252153645
19.80788525324897
36.411653070535976
38.45065127352427
21.51190087552095
20.207779265911086
40.57241162554419
45.64154872132349
50.192817495189956
18.8492464931187
55.15793896629475
35.27532357511518
37.23399726768548
33.796318342137965
43.07179363750038
55.764064690447405
29.10237260184658
18.068447676523647
27.02913291977893
31.73305668060493
51.722492141561816
45.83599349061842
34.752394969473244
61.03221589000895
25.909880706240074
19.546253019325377
26.455781297045178
20.50810119981179
53.10127180200652
14.865693118917987
43.60306523376494
38.50864094019926
20.41083201293077
16.875299803541566
21.684440876197186
46.962166267258
28.360384860206974
48.79497926303884
21.122764593019383
44.93648088173359
17.54962189734215
33.85991353970894
27.148160740398453
42.049593691990594
34.82547976273054
56.091096836826175
39.99461880339368
29.076059837825593
53.275478263094556
26.554979050706606
34.314357046969235
20.916134105391393
43.16900667217851
19.83546914270846
48.929363468050724
50.38757976726629
18.988103549600055
20.71559255637112
43.41631083880202
28.906287745121514
19.98383539466886
35.24935619243479
46.3416285776475
48.94940136146033
32.93118378933286
13.465520092904626
57.096129002093214
19.30590599822608
28.05198577298142
37.63811294811603
29.27842274330032
44.10270087537356
58.349969401024275
48.63731366931461
51.84102693929162
25.29633421363542
41.635283301366144
46.15194187426823
24.22809668460104
59.30044427805114
16.356888730479113
32.9620437718404
42.00605277073919
46.81259151293489
44.59210809036449
18.698189839051338
12.357549191983708
53.91379522661737
23.461094548838446
38.96517011926335
17.301381490142376
28.448808539542366
37.26998866877693
54.62778069304477
20.353002220144845
37.97553413824062
43.7831372666551
48.497320383103215
40.58958769492165
48.32724686821166
20.4714264777067
51.18395073732245
33.34388344665058
33.1973573553114
24.74809775776521
33.11731680150842
16.114731563720852
36.23028491383593
57.679821609053754
31.445570431969823
57.16148462088312
38.35380267810251
52.25152271268598
18.481561558110116
42.139945752569474
11.221306282823207
16.505572851383477
53.30769490683451
43.73092769164941
29.134013355360363
34.42386992974207
30.520873468412898
38.24627239264373
44.830555760199786
46.76298924132425
24.04413880140055
33.43711923225783
57.932817575783695
21.58523110083479
37.604409304549336
58.99211999058024
47.85332647006726
15.144310965297334
13.669975279117352
21.766560680043767
17.238673763131374
19.73924663343496
49.87383393709024
31.64965257165022
17.88908879243536
61.92989639384904
33.76888451821287
47.70649618440075
43.0868530569569
46.79291654720146
28.416015238326505
34.900954925251426
15.359452389384385
47.40845766318671
38.14524064473517
49.365163653783384
62.25002961618883
51.87991342681926
52.03223947974038
38.123292149975896
33.511109761093394
57.21759559091878
8.364497239927005
48.260156100513996
47.1230663391907
11.174000119535776
36.70264402098837
37.55495340410562
31.35969860886689
29.933581123259497
57.49799708501086
39.7605601207033
49.405943969031796
47.14284547517309
29.23523828758334
20.88936722066137
39.78340863541234
26.105897551678936
40.08906176422897
18.03711945503892
20.07953132779221
15.492813268247117
54.75802985529299
22.373359578523377
17.53815384563495
52.068005343244295
57.9646280115412
54.59606451113359
39.44797698604816
43.582073317156755
23.333396125235595
58.4008386475034
49.83116526309459
35.856622048595455
34.087609422567766
30.2315610115329
56.25445249643234
22.483327777081286
21.8703837828798
30.34930011781398
20.208074665788445
14.480429343893773
22.785933204431785
34.56356495116779
51.3947689672932
17.773984547784494
51.478694770048605
57.68774294192553
38.173980041756295
19.750495047628647
20.04022164583148
38.45635266370664
46.39027878729394
48.183749189047376
57.25262277192086
16.97038425008941
35.17640274731093
49.43680033356941
39.622769066045294
49.66164055003901
17.15784553307458
22.764855428431474
31.090090149882595
17.746149023878388
22.693241933666286
44.463794433977455
23.633176218208973
38.75587392722082
50.43319481883373
17.31650807778351
36.15550255708513
48.02509781366098
32.73103441242711
54.386270560644334
37.56363575812429
28.290153852867657
20.709060441004112
37.41511352418456
20.923513004163397
45.55100003744883
18.144894182114513
27.251140246153227
29.646401677382524
38.86730027406884
55.46398944752581
29.27324783595395
27.94875032122945
52.773306170274736
17.967803726969578
19.80870123643399
17.089789976125758
14.561503217191783
20.86954968290229
37.85639386478579
38.44355830842687
16.81425713832141
28.484157115235572
23.021754311048426
19.304092070888146
36.53453619117499
37.652215143316425
46.40010948933195
19.135321612338885
43.24490850412985
30.911741962336233
17.749645625372068
37.23587512613449
18.555647182256507
27.632185318725533
55.27753823516832
53.27743890375132
37.44200761684624
40.94836232798116
52.18320064122963
22.673245549776766
60.184814489912235
23.743875255968305
29.22146276614512
33.5388891693583
39.704655604145955
21.450112283127964
21.97639004298253
21.031754794239532
20.75475125820958
20.78057285034447
32.747923278293456
30.80861811431532
30.012549443927124
52.70579415737302
45.12838047085097
18.68398141414218
22.07194661386893
56.050882313138565
41.22307208854181
27.72747853196051
56.435908481944345
31.181221666338384
50.62216065780376
21.481636126554804
26.286613388947444
10.947547384239442
48.22744991433865
37.42441491558566
9.032214828403085
22.223273671625066
44.492453424754785
37.08419783470163
20.76873974656337
39.18487498485774
34.48848071384418
17.31826152499707
21.92034241197689
50.68135275323584
49.01276582641003
60.508024333466885
40.15358669494162
44.68588754061784
16.5757002778264
51.75181687809527
30.148437246680256
56.83014417518279
18.84113250307564
18.15311517129885
55.83153880143072
50.26349588551966
38.910497232791386
34.16673587198602
56.8061195212067
51.066628115586354
30.70972558634821
61.37666247377637
47.17846242019732
55.113929553408525
15.91233816470776
35.444883301170194
25.264479171528365
31.731698388830406
54.525784345241846
24.229715839101118
46.11339682378457
20.58075886034203
45.88079897475836
39.89200474097743
53.07890030599083
29.286705245613117
20.435892352543306
53.162184574466664
54.442547283906606
51.76013568561757
51.162146869683056
32.80196467458154
57.22526399986236
22.75588034572138
45.50356206163997
32.163537893939065
42.171971871721325
44.299446482546045
19.4809412543691
29.737992483933336
40.638521389701054
17.774423506853054
51.35570755446679
35.74119829572737
39.25872248437372
32.06027714586526
18.076691256464983
30.97098094403918
37.27894906514848
50.28100458221161
37.33928538204054
21.158723173721228
19.604041638194758
14.20550246912171
39.834397522645304
57.14924372659879
41.109481463354314
18.84836845438258
42.53387150311028
37.9145805411099
39.94689131795894
59.986805046719375
54.10651513011544
36.320842205532244
21.420516855323513
52.523505579301855
14.619273037897072
54.47126098733861
44.340929099780624
50.11429185906309
44.4376263221784
35.7740577605
31.60383711183385
14.852046998566946
15.747015943088625
50.33781090642151
20.98346678267262
18.700286257262633
39.36465915940062
37.422334648363176
34.61934901715722
46.71452541115286
51.47316343427519
54.85757327187457
43.24785810022149
26.69960139573959
34.54036874354642
41.601378786799614
13.663068419009505
28.098171410601932
42.04254244650656
21.971432531427126
53.45997273543617
58.79257507658621
51.45291686967539
58.8268622108444
33.95010055755847
60.64608883680193
13.72623622737592
52.4117885146552
27.675536479364382
38.70749156958482
31.52695770440914
21.43867745398893
45.669477896080934
21.24857987037103
44.28126390921534
46.48137368094467
53.88812113087624
32.6083963860583
51.624970792545355
38.046283344738185
17.428183746960713
59.72964730244711
35.18429034847941
42.51775224984158
25.7668323800317
51.24370675475802
52.409544902911875
57.39021841909561
48.40701234606968
44.01378508009657
50.55465793047915
58.31587495340499
21.62734027733677
60.472259006928645
60.6595505028963
18.591438589828613
19.365372411630233
55.462995512061745
43.0907830967044
39.33226185836247
32.74340366224351
51.18329231918324
36.92750374175375
51.36425789023633
54.9607386594289
57.910777463985134
55.923585866185014
15.241603318099804
39.552632666163845
48.58007235816331
43.825273592665326
45.554709263160476
32.20171321518137
34.952404296564055
20.15784920840815
14.764095453392654
48.1126334205328
55.79999695219157
42.53521401114995
50.50830607469834
29.968719064345347
50.51141460608051
21.920952504842717
21.52457826778118
48.107768873887835
36.542724162427476
57.54663878178689
27.138431058847345
20.514512882618874
44.62458550297015
17.068719151211553
30.144379268313056
23.964300039733644
20.661076100441278
49.86414610611973
15.350084475358015
18.053240543486027
40.95318567560753
15.296788288105743
15.550467963839763
32.110657465455006
34.20200712134829
30.758117099685474
58.905550918643705
36.709843164499034
57.69386394786124
57.476475071962334
52.89061014445906
35.25651449162979
39.23808925646881
37.4851206484891
34.74659064559091
37.31418261777435
41.69284164709097
25.961776288386318
43.67893752059899
40.149942614516476
40.33212965368875
46.471204850968206
53.45117573051539
33.79782970514498
29.786094816154215
50.19225903124607
32.49630769096257
46.7338016089343
28.624968971780614
16.785259819880594
37.50176591856871
38.42826131331094
20.634919245821948
58.81884716545755
58.916802197200006
