59.008467980311245
3.1269579398212954
32.478048100165324
28.688269998383472
48.298563708522124
27.945492749131514
58.56928588545997
21.43339710382861
38.31041149824159
33.20104141457705
37.839620617887704
24.02723453924409
47.709986845438834
24.664606896112673
20.725559069251176
38.81656457378995
49.01795311452588
55.39225952670676
31.062355038011443
51.80747380873072
-11.013992301741382
70.44672084739432
-10.254929625807563
33.88139768358087
42.08661663578823
57.94714447692967
20.758614339865744
20.08104460837785
52.07941701737582
77.78574553522049
48.82852089358494
38.1326616203296
48.25237227778416
71.77435819030507
-17.625094286631793
-17.163356419951015
74.84877401293488
24.683910093881423
50.690615706844255
55.820326277171255
40.87690442829626
26.287625440454576
44.27763311541639
55.01695986458799
42.272076607332565
44.119594182120636
25.055915345001267
67.5266124177142
36.073182203108445
9.008503057339112
31.296215429756554
10.480531145003624
45.344406479853205
12.890956268529408
60.107722406974055
33.34400219464442
25.681273951704497
50.07921407232061
-10.462208566605113
33.342054978129454
41.00144994663424
43.179383465030696
14.667920614010653
41.28497944038827
4.78418892071204
19.35890337335877
10.607869120576652
-23.316100752890634
37.24579089466715
57.02888097002869
30.33960941211262
46.17018510616617
50.457034482678864
31.2892991983972
16.753078775218455
31.067640098626722
28.21445824083639
30.593864265392764
18.157835075544426
34.83336073695682
15.95944732762291
49.19934737190488
2.5618695573939476
19.201324137247866
28.05029178052791
36.14635725898552
-11.351337277119455
59.990235699660836
49.51034300465835
27.40263535451959
41.02280238221283
38.37402563804062
31.555790391576007
49.060286732856184
82.0536912928219
49.33524003790808
35.64945155085297
44.46664768620394
17.214385714396485
40.128428309981246
27.993975519348165
82.30766920169117
35.35467867041007
28.736791056871876
6.912443981127581
30.713282970828
50.93097356220824
79.74740551435389
18.23886027705157
22.112743539037183
41.64194012482767
-4.1274709124991205
14.166134708648313
75.02150472428184
29.58081374345056
47.12340734404279
24.11290011841629
7.972358095867093
68.1864607060561
22.80050329864025
54.631128144683316
39.82291697393521
-9.055970913323108
8.731136291316943
58.876933733699836
36.09913855616469
72.29994802182773
34.55365915579023
21.78290235606255
11.930975795985432
36.89698287489591
11.152476085771923
24.79879394741147
51.05277455513715
45.95610631586169
29.21928060968639
39.47081816877471
88.86154455249198
30.945822189096358
40.12800047712517
88.90701561322203
35.23035703401547
9.387485825936892
14.979345315077806
37.1766562871926
10.161273536868975
23.992467043353827
70.26152787875617
24.63142661290476
31.996997191890838
21.12137813892332
37.25388394523179
61.051096607116044
36.07469961352763
36.602240867796354
60.96095941902603
59.70108356414129
69.97273672168376
56.87456571904476
24.47069203335559
61.12738019000971
69.31256013995153
66.56639981883927
15.379070877679622
80.3421730568516
-17.466640557177016
-16.38006824250624
23.25388732351712
32.04523959138896
45.58702213835204
39.169086093170336
54.291766067035496
53.980418588616885
47.60557463669102
34.83700884899008
26.467653753206832
44.231714312627446
13.012211418390507
16.52998553836369
7.082398877901141
39.93859780021012
32.938441297301324
45.08540842653019
42.79745644380455
32.92313113997807
79.02029879187467
44.94981608586386
35.38895104356925
27.423987626389135
34.362261533533456
16.16903724207077
7.123718711591208
76.98736164456932
29.566763725597408
31.127765066048593
58.90707424114225
73.1850679294439
80.84356832841877
56.90903283393708
10.049728256490198
16.37057044717949
35.097218373266514
17.94664138215012
26.1779420034145
40.41637488771812
19.328239852620754
69.49247304437449
5.361913212618674
29.646704815240806
25.094494870427297
27.460194603918353
47.36227225366747
-5.335652516805567
28.720213175984096
-5.614141911064507
31.79916658555157
16.578510150429793
56.76773490122286
22.6917221036274
19.969690042489674
6.118872361548711
19.217160728294402
7.189984314754837
10.013170418824302
25.219563199061668
81.40356037620222
21.596247415436665
71.32974261621712
53.02708928938955
30.84955637605162
15.308527620436506
40.48141190360184
14.192988735157995
10.427684109890833
33.31272751966026
14.518672230042283
31.455047622876005
31.361152777390085
35.46770658285823
44.76217952615116
56.47987668926361
26.16971404349897
33.84080578107387
30.310048979299605
40.523359829967376
27.02049320214428
67.83679352374747
9.96415665067616
33.81083125277655
59.24095220107119
49.36966446402948
85.16442299005575
-21.596334565401776
59.82106397714232
54.43843774701236
16.397258599317865
22.30426256355713
1.6315466735250084
80.84297236200655
36.876725958427414
65.49310316622723
13.992248266004024
38.18804807960987
-16.733423370533274
57.53941060393117
12.703366344067035
45.63736383570358
86.5800056795706
34.20998999790754
56.804974269471124
13.267961105520953
49.694305029697716
-1.5831935466849245
52.75296987674665
52.715120995708276
41.81133932215744
39.86190835857997
47.41071645839838
-6.631797947193263
18.04617306406726
52.56142521975562
34.66055016833707
64.23648208292434
-17.76153820901527
83.49320008128416
41.34590017783921
48.319758167053806
36.50799565439229
74.96959524869453
72.02932426444022
90.84190171561204
17.810512401047163
13.589920777303632
37.247732959804125
61.848150307196185
70.97235538240056
23.693035999349377
48.71095991038601
7.241860248541342
54.87556274601957
40.16529088985408
77.72342699754518
18.05648165027378
29.896004954207452
19.36850346828578
-4.29285105492454
33.6823684432602
1.4262194097682368
39.756185305304825
49.977747380035
44.3757532411837
40.616773004148854
54.102954043628415
33.30280032532755
15.418352573033188
20.246571627285448
-21.990977435234527
41.618655878846766
67.01128069544211
24.876228985522175
57.122424402041354
70.24566004984081
41.56836836373259
10.714174341774196
52.76278555902536
57.88132279922137
38.25031311062048
62.14598351216409
53.48454570339527
45.243538967042696
16.754313113051467
34.83675371389836
32.81968336304999
21.713100154011045
79.64647594490089
40.6488256288867
31.730699328181796
-25.825405107389088
43.09978206511005
47.67716867136187
33.09028092917288
21.95505257041077
41.235466920625186
44.27569827312254
27.20331421442097
46.40384002996143
12.749014455039287
13.910234288050559
34.129688824759796
54.019052873627516
69.04078270308673
14.660056293359956
65.97434483701363
-7.336780150581034
73.5837517764594
52.29920526544447
76.49688558740309
34.465088254000875
60.89587700553238
21.66105287251412
68.59519884455949
7.504699634228017
45.39166794565972
3.6243598457076582
29.054115932376586
53.07294595477288
12.745527776496601
25.031910423422232
38.41849700620514
67.36967753822682
-10.541574682792998
31.628407214884643
-6.146733452987974
20.57388287357753
-9.156527896266198
46.52634622034384
38.536058316822164
36.14828553327243
11.961943963979138
-14.485092701943357
46.62612983302097
18.857382814167067
18.38701582455542
35.621212574187666
32.664527103770524
52.13721856925986
59.01333990477723
59.764161026396316
13.827715470688418
58.76925022748764
17.45418014979805
63.511245537665665
45.108835339487996
18.856017851794604
31.565726675034963
46.519659338810015
61.37471097244997
67.99808005162049
32.10725172684761
30.474227872764455
39.78400521737058
-13.35339532015496
42.924881949147675
48.171511082182406
-30.14905634026945
10.302042504372366
13.285444835491944
67.68843661411665
53.84896926552756
21.751385354582453
12.008947221329436
61.04321766615612
7.435027933388482
65.67451363735017
68.14598862983985
57.2577367456688
19.366678599180887
20.610345737077296
27.22656996193109
34.64851793105481
39.73090012004832
18.23623207237688
12.838817512965761
33.268491514900234
15.777710628026396
49.34406141692307
12.388452798040817
41.73817757255165
20.585966775252018
45.41963319425122
12.33360280020861
51.80429473184631
35.099355053534964
46.03162883067853
71.70690219209064
8.87800896234694
26.70074166089762
47.33883215667447
27.978032649480152
40.18619471025886
58.19120908272452
43.736494818585925
26.74041208010749
29.975140200258462
49.28564875663142
16.48696057018242
45.44448496308178
35.12552918327856
40.884159502456896
40.587319205951644
73.69149532460142
19.697436207934516
9.2559240249102
15.154309423814992
44.62824993242975
63.634810462826856
22.284941060934216
54.03427962446585
22.511964532895945
51.31413189592422
66.32100221322617
42.111202084925026
15.504674860130761
71.79451217962196
72.22660740371794
55.14231711567845
21.12392280178028
74.87705527892103
-6.568053738374147
10.696421467582695
44.082326044735964
45.06313985984889
45.85335735609988
48.38146921538282
81.9851597872912
20.893688286560064
38.847793630702654
50.89769743717625
51.6059873305494
22.948814664414385
37.138726584089454
9.816115313151386
11.467301430820953
23.492729119607247
72.71113501410582
17.718579392385436
6.653268619993469
32.93490295764059
8.872467778928694
56.13205115296295
42.805628609494306
20.699759957642527
0.816481983565609
30.219671103986908
69.13463885866804
69.95818562427303
26.436694791118498
24.170942131604534
46.11625483230455
49.530917905212846
-17.400404005820747
39.76969519571867
58.918563734914635
23.727818274346646
60.780200044973746
50.66402644151822
61.91579840378835
18.375930030742893
64.79930169589352
43.73737060741405
30.166237016965166
48.222487167367944
50.08242971089203
-39.21997546440252
47.49657178399502
15.007425563817376
53.190673401695676
21.623734915192472
31.208324083127078
62.16938239813316
52.918477247294504
46.05004498080234
54.55670958326664
41.741831885883585
33.83792247186648
70.47452931728913
18.21146310539916
44.30101086545619
22.555967055814108
24.57474754191935
65.79276345582912
40.89611898525618
32.69269673328381
38.037381791946245
-9.84265275474172
16.337045949330786
43.332757079042494
45.47035811265232
55.69497044052695
33.20700716212741
65.69700272229966
68.25333762826631
36.760024218529
20.90004433557624
23.694340852671303
37.085140352428425
18.41413992078742
41.46519058558624
41.383855980529916
60.48496751318452
-26.45689571800176
39.919649213697994
39.20953820779687
35.87037893667002
19.435857997450512
25.677556644222932
-20.672320549601864
24.050950289529283
14.60093614150537
53.23258791177068
43.84620727360016
-23.2974878152163
54.09911900642328
33.156142475490924
55.304059141053585
9.78718931946787
27.732952716905853
33.206872089067474
65.71429234900279
21.61998033116106
39.649928174185334
39.12240914069116
39.62646336585749
56.16203684621723
4.155981803887698
-24.51590078526351
21.118358529929537
64.3670604826184
17.991045810776995
45.906521997676464
37.87552044232143
30.559189246559978
19.099341049877694
-8.39832416131685
-2.6057993241920485
54.594658077985514
41.38548245828133
-44.835255131511076
66.90475871582748
15.341030959098132
-7.583499231986933
5.324707390536787
31.64250771515071
33.3224729882204
89.2968088388443
44.24164402371389
61.664383672177784
49.697087880485924
32.519399861485
54.58185745155788
36.01905207760865
65.21394391602371
13.080920572247123
57.48676169823738
32.34951570557314
38.02026035118615
19.280739210080355
41.77926996635506
51.08199031164986
18.650795382563956
30.474013488128545
32.382939823583
33.9832660240063
3.3399612315406557
77.14199090260081
69.64891763054766
53.88855721466825
12.150573516191798
73.09903222485445
47.58479770171107
26.302301821124274
44.731775944819674
72.96662378066685
31.550770685862513
49.426700263575185
36.13564335319097
22.35628899616131
53.90680045966292
25.572006216680165
-24.518107994390448
77.55080942442873
18.507715463783825
25.701335023040883
47.46926321822684
60.32053595990873
40.787348771846155
38.62023491965374
43.202062930504326
39.852715656888904
65.47658521812991
91.71400089981034
46.37469814551878
36.34672200714704
38.78739868305274
72.41694050462684
16.928495762113016
43.77845038252417
35.414308664621785
23.09816633569426
18.05809247744037
59.61565467878244
18.923409652052214
93.75308598100673
11.018622753181262
66.11145136412233
45.40439328120556
61.144095966301386
34.783609230362345
16.271564293128904
85.47790182055905
19.123117343042395
37.63920201599831
54.479133305721916
7.974540789291495
19.382401982147712
16.140976184397005
73.58472115447512
70.26183825801127
63.96389610890764
5.194922121881973
4.924179583213117
52.27073608111823
28.27463302382966
75.1441327687644
10.734517595119542
60.61479458439862
35.2649301472411
58.74620655959006
53.747549077525036
21.620468782202806
18.387592735234648
68.86533503711689
35.1946755166864
68.14126413082704
25.163158637587912
53.05097042291891
72.82457404799061
6.197727809194475
4.267316716504865
33.0718386292574
27.738496784877494
49.77747119628475
80.8199065781082
10.437681038820301
-15.090873034932882
-14.080425962674779
26.55449276062427
-28.171352826029757
73.5543513452285
13.514515318820486
69.20265109220054
36.871829399024136
31.173582430346865
91.71542264521122
33.102496959327254
52.87603697361192
26.73022503804532
17.49707317285356
44.39833079450182
54.934468681312865
33.949046777706826
54.964876340090996
49.84592792825424
54.63457225996535
45.07954178843647
41.994999919552356
35.35279575662571
56.514623969269444
-20.702882017940283
53.843121541285655
32.65263018620317
72.87065192795126
37.35285419243155
26.601003897667397
46.261111659987364
37.490071351930965
38.444627414719434
13.303129424457438
33.47466467312188
54.530226104543544
39.93277535046218
30.81131703802384
9.878565656254068
44.588398154155584
63.73888747621094
2.0131246659730095
45.18757277255645
20.15040697006043
58.68751913221785
15.19026298628887
26.160512111891876
17.021602590830298
57.468781417992425
24.65414169273572
28.558624030847565
7.05636208585929
28.251682168047406
55.42751478496938
48.997321535716765
65.94807806322933
20.51577407255536
27.809690308640707
39.69476885686163
34.57936437043827
56.45697166764875
48.32115387398517
30.084747329237867
47.560251699906075
32.84595446748426
55.14910093261278
34.09218234664877
22.688522456155624
69.19629717740463
56.58535928450873
66.6492069256492
51.780826500908006
33.207347281859256
71.09659460547846
42.47083054797258
53.56390451925108
52.93248657908407
56.017259650980115
69.00480940385023
47.07276042754529
42.1651507007482
63.33179846405982
10.08376662939554
70.64817151258467
43.67247936461354
54.92800443753367
27.80710746228578
63.34158295649103
44.69694255822105
28.509139439847782
65.04599442778272
64.64186699304264
41.11927784542786
38.2240330982313
64.30523066665046
75.09111322797253
62.58047647570492
29.52885761733341
36.96051083607017
47.3409526188334
37.95125404576538
71.10166056663729
40.74802838877076
64.4689919819939
34.59419080027146
8.917386204848299
21.23469974321779
56.22611789076472
41.82305040376377
28.333098511939166
60.14570904808351
31.735638098325577
57.02109761768951
19.48570317181293
21.12800759350648
9.388650812252308
35.53383666876471
-40.56220933889563
50.50272534135729
15.268153447686926
22.237227048753994
53.266360542329494
48.52550074865576
53.52760882014991
43.56277056795079
-10.461850452520594
60.83020092410151
45.65412041483796
34.014138328348054
17.405156201130012
19.50809001282323
6.350552522053476
64.70856673186063
7.885668703238479
19.91842481547792
51.724149961955845
62.08253601507749
32.31735959270736
61.9940669304924
71.77636256092228
-26.61245088384021
45.73964900773717
41.754042448155815
57.14248199074063
10.799895525269676
-5.644934107112931
38.49935516118421
23.22397484749672
2.799072977359174
54.71776572667295
-12.910737477886869
12.64602980663767
68.30186348670395
44.79856471953099
27.665259375498863
-10.13109967316268
-3.1928399246680783
17.987121947226115
36.690692852425855
53.76927547476953
26.840862191602355
50.06661591905868
30.20268686668714
45.24906693259254
32.987016829429194
67.48954935319489
22.511908430897165
27.661546744639054
37.83193650597241
30.877024970686758
13.445003204833483
49.35538612116943
16.504284047550755
69.47778989269864
13.193117233458906
30.988202564913077
24.71980476693716
46.98392196733039
28.567758325516476
19.769876563805155
73.66582094400655
47.10944174439646
4.0157174596970435
31.56409047078341
28.18716983310878
44.876805413514376
11.789832210342865
53.21988201176282
61.43442218162817
19.62379192264052
34.542695281561464
48.244663065997884
36.831328017797205
-8.352756012391183
87.08520368963946
37.17216670193011
44.61568607730442
90.41995258448878
45.25590413832106
63.43182409327709
56.96978244959609
-8.2498704919999
41.45726115675643
69.08541233860888
38.56871392126777
16.919684004824376
58.07038680359255
26.84452353787492
62.17718460975447
22.774098651279928
43.95449542498682
26.57488007134816
18.966626925976016
-12.931766181282
32.621173303050455
43.290887503826525
55.219228577334434
39.39344032405643
25.873673941532616
51.715085592877585
60.17894462129333
36.07630298647564
21.97725604637526
89.92198797350284
47.51470214177971
26.73923307811492
50.89330825576326
46.31890238961205
74.28180190472631
40.395813179929974
33.97504127060529
39.117004125000676
46.04193476261571
36.6661517706234
-8.568738488975214
17.320526547700865
21.142360771045787
-9.570728294056607
7.642159826355054
67.07817543792771
16.279874011524953
68.80430498131318
51.97687955660513
28.521799750160422
24.895750256837346
-0.12188175605842842
-16.46659544476279
52.987379538535606
19.408862203272292
36.159355026029516
54.83128019113792
75.75632179141394
86.09033040411305
59.16238036297727
25.111237054079538
49.36256827277248
31.06787951328442
65.13192014172091
57.83926030271686
68.16051558562322
33.05407782609109
8.777451141213533
63.2502182124881
8.801809999567922
61.043015941686456
17.24165080668172
36.46066233559395
30.993105404195372
23.219879391763243
49.08008178899763
50.694794618175365
54.21097408980131
48.57713702440378
30.332115221244745
37.76940178722725
-14.758196045659131
-4.320818582891661
28.33027663727989
36.46687656073482
69.63703813817119
34.3238976696739
27.361603792815004
-24.51497951260535
38.72157357400283
-15.116858666806364
44.96174751329818
49.77558394311927
27.185372709209332
27.074680372606963
43.44772654803819
35.232306282705395
19.113947694859235
23.701490092207678
27.03765808910248
43.25315749301808
46.43028157297522
37.05912438526866
34.51644380693324
65.72198832436698
40.820912182243774
39.961177844088525
-5.53520762550761
61.999374475999495
19.23812962413649
45.319342747097835
35.359094200248364
