26.84398553101346
23.68148893947364
20.609353544568876
40.22268964763498
40.88533564718091
32.8826611439581
28.106934453535356
16.129561424895655
49.93915164086502
56.85429969162214
39.02191985034733
26.55496147708618
19.648718290409306
22.254620327294106
61.40115207235794
48.93882883479819
23.194803305523237
20.259908858133713
28.98382455023238
61.7276570177637
44.689086156722624
28.24750138170202
39.793394513981184
48.803780881280545
18.155898628901923
35.04123853199417
39.300933296908624
28.048331148602298
40.26253387783072
40.423128344264114
46.00891352602048
26.156139581871685
34.490213542449055
38.81565801639226
18.284812626006897
20.027418274548836
49.87792435276788
23.18741160852369
29.031663040223062
38.1767665661755
45.036248051474104
61.16379606246482
18.30168987507932
54.619388599530794
39.20674361361307
20.73170617586584
19.513990034465678
19.748813557089306
15.356170141967594
29.27218186741811
41.025095066288486
23.931842234014766
38.20811804253026
16.21588289126521
54.301579686580226
47.5159971130779
30.43544133834075
30.99077195001882
30.615608074731423
41.084730613511056
40.92183652173844
20.64582844177494
21.56014492138638
46.377526271680836
15.500411529501433
39.04323587703402
19.300899149675388
16.737366301822476
35.82731028436683
29.430201823561216
46.53337371273665
24.971638689748943
18.072396880597807
38.773119750840124
57.50648738758172
21.940420943428762
11.202200687330333
47.45921829962754
36.1319887539139
18.11512744970969
16.124133577250177
18.512828350503696
38.71932054680656
51.067038186010905
55.97439379489514
54.48630697501358
46.80444760233513
48.3523217473703
34.56408011406893
33.1001970655052
20.458844762470108
56.9243987527443
25.962763365532737
18.34643720976601
15.132380863360593
21.867131967883324
54.48436107253656
36.644411938323174
60.3137760728714
19.109179556471645
40.43244884815067
28.079275670461353
45.36477013898548
47.6591753467801
38.06390166646452
22.01271382145933
20.382244941720273
16.318966235485277
40.39458334300434
28.845928832015485
45.50576837500557
37.99626464751782
22.672770325880265
34.37959295406472
28.19381387744215
49.47355002950644
52.58041730266996
41.81049607868772
29.40122401923872
61.93133021879475
20.99045873110299
20.427084085531533
45.623939266079105
38.03769239602843
39.76135500561213
18.594647998179425
38.45755577349337
37.94794967689086
39.600260855513625
21.009160396351945
37.66613070256426
38.757171962060966
19.13659061283397
22.747577724658186
46.46222743758699
51.532729261089116
51.788474577188026
34.03185243078042
42.00407559983432
23.839989233238157
26.151078200200573
37.61384274039301
52.582060031272704
54.071515395480674
53.24249498080462
40.18827948384569
36.84385008236859
18.159620735241333
52.67690613763989
18.24385089057614
15.429840159049489
17.293292908289004
50.5545779116801
27.770146925467994
18.86670877720462
41.1890893286909
29.689498213701878
43.1462009641109
59.26179389934986
47.27960362288286
47.71663287829142
35.21303593588527
21.821273176465183
23.384101217379794
53.82143918395741
35.591717776696896
41.141025941760745
18.450682916591177
21.506158597912872
39.32891078438843
20.432340684783412
32.550635187362786
46.09204668668099
39.92661336596939
20.473954368571867
21.73032353966846
43.96915400066064
55.92577705829171
45.21507984754862
47.339498456858564
34.20993907129741
43.37348696863046
37.71992997644702
24.419483156088972
17.28249953703198
14.950184849658397
38.50063346908428
21.443004661705345
20.301727327750996
19.85116755895433
19.977949739040923
44.35481215186883
37.80229194526328
20.329916901391698
41.42450847721193
60.45822599844541
61.07893598964437
15.968959865494979
46.148046878079185
57.28745031519792
19.292015252358397
59.244285736349404
19.428471982246265
15.68512755256961
33.44872882735217
51.2888216500869
11.41384537841077
26.300971102318726
43.57384014801937
20.003642154915724
61.33623768546385
38.39421331649646
15.732136009319218
24.63456374971429
21.8427978688851
40.949738310155226
46.50952123483876
50.712215299427044
45.268182644213084
18.531037939101225
54.0327689894184
20.53734102155431
38.436996442760574
19.497446711466182
54.60498932370683
40.754900215688394
24.94361315475544
39.81072109309025
15.352255948164382
47.08853685442591
20.331467173673445
38.85582915827399
58.59298672730801
53.58470939609106
19.592188554815948
40.959382940491196
55.46502335200784
14.973436647414927
36.01541856187396
57.87471793155418
24.50429581658682
40.7441049683257
32.11118406616151
31.934323460154697
50.49277542420896
36.53570491442224
24.916755513550015
34.79082802441553
20.374147855181945
20.055462035816163
37.36359859831282
50.74553495142027
35.703225890756585
54.457272721629124
54.08329786514514
15.87000880826963
62.84144366945838
27.533828706509667
58.06992120196809
32.164895616006106
39.644476494868286
48.581700889917556
34.75962600350613
28.04660085967043
44.87927731315722
47.39926985639613
25.66321821359452
27.42473329490167
19.731521647190675
19.804988428222714
27.127391767135123
18.554845043399837
57.74533000221708
15.86780118086608
57.47171180555596
19.68146004182927
25.988295227580238
56.085533103032496
54.78064026829088
54.15732163237408
19.357652994222008
19.7864437905082
17.72139323002193
17.925269061379367
38.46843021019595
18.533365670009516
37.95722993891104
54.22634462302085
51.32031895627733
43.21722615568433
17.226288437086623
21.70611040201038
45.5332835263107
38.4656701629865
43.63266385771567
28.57511494294158
47.51464722721721
55.5509153920866
35.49281291052466
19.43782337475568
57.6932750918786
22.532168273392017
38.655509296950186
46.4409608139249
18.025734027833096
54.300579321716214
22.76245567481965
38.466291827353416
20.35832472756738
18.510747811524197
46.000249427743256
37.78762741931132
46.93304742540931
25.21494151587831
21.32276720367372
24.010581125185126
14.3566022736195
30.900331629527496
67.47296063695103
36.43787507317029
25.085145739285508
39.27267917388235
39.80163931846619
59.38758431148016
56.53139259957242
48.39106685249135
22.759227985079633
57.987824673182324
37.91163632122334
47.077542037004605
25.82677513928502
31.793132996972414
36.031334032304585
21.70048510815832
63.52913545269984
29.978346871939717
23.160486772394506
36.16360443702433
42.211524525191635
60.251604471704916
36.33285834584967
37.71752099564765
55.112728058884386
15.194693797820944
47.30305828343262
38.65264385822229
39.85867333467468
47.682136572984746
18.575225721724564
26.19408671889687
17.783328344739857
29.135279158072077
28.706377548223823
43.04743983229855
19.276337484188844
36.39135179982986
20.470470835425658
29.35480735977762
50.149059676914476
49.945888933871174
21.010913822829025
57.384071503474836
55.034861095191445
19.77843460481381
32.87071511585964
31.4873897092184
43.45017592786462
42.42333204019815
21.24966136398143
28.856686304061437
38.15049692420871
18.019262639791123
28.98072704847436
21.947248878859682
56.95870456402189
16.4879224197648
48.18607342749601
19.067194316448877
45.11099980445579
18.96755578054581
45.44921662600245
39.273274221341126
62.00335914327297
31.509303546772568
17.24947416842042
36.184724556369474
56.01450281465076
29.731664560677014
32.131379008933436
56.63156993687152
38.080213594366796
26.08387971195043
34.018628764897585
56.40504721814067
48.11518135102233
37.92126295884373
53.057552613609005
20.728339147899533
37.587003932276275
22.480980415275553
35.82709734691889
19.924112987791887
37.42426066673943
18.67469403296127
33.45508945203619
39.4970679844846
34.21947843016824
42.044137766060885
30.7005779875908
39.79876314260764
19.205529843384284
48.324705818959046
18.935973987390753
20.880853780545294
21.1563397970167
31.09462088832515
22.245863839270896
36.07982913745218
34.63783834085916
17.487269559205743
43.8122190447757
38.33897292934125
49.27626523131039
38.365957541100215
19.172564443579176
40.77868810709333
56.74068983935285
38.106860166590195
21.096459838736337
37.23038354437449
61.93235144019126
14.182103482744422
44.43633377813967
32.844663597643375
17.03364227359998
63.48506687645567
19.40959255953203
30.841438166680742
31.654008943587538
37.476960047206376
39.48064822034212
45.543838335288456
37.329463417700026
52.64522789584589
51.44313640994369
33.7879365295521
41.35737926408183
15.565458939818198
50.27103182655992
49.430158344330266
21.07182344116154
38.89181650374667
18.061909856987768
42.2199157968862
47.369446673837956
22.274078310874756
49.34740385360783
40.122155407152604
15.66361899313051
39.51013197511202
16.48073792057403
35.626683446753304
22.678430433006724
46.22950941193267
43.41489125217777
10.752114270144375
28.393608887563456
51.95695029833587
32.069725946348626
14.030721679591805
25.6557904111105
33.632471958117094
19.230372026504483
47.58097570447717
30.594430668134006
39.86930833925726
25.275430419424083
36.81170233612647
56.647224961488966
20.572456282388885
53.997741677449085
60.53708426188677
45.26413861603942
37.39544725685846
21.105738247570116
37.522799782891525
41.974199235846754
37.898499525908846
33.33344186976319
36.965570150641724
33.314100355346454
13.363098970876308
49.33109419798711
39.73737407941371
37.71623803404509
27.029318721906748
38.97638592752628
27.587627661705483
17.532173540530493
36.865068571205484
36.350664221390616
18.220906956412364
50.701890927302884
39.78044928662712
56.830391054973
50.59480539348442
27.478369176242268
32.799248429364525
37.31999670417281
55.018225125968456
56.47758949926355
29.800280599010872
42.28925378120039
32.83516350929858
37.01795731612947
43.145756430749316
24.491717803903157
17.598702159739332
60.92755597201175
39.56037387106335
34.9469491171476
37.818943372985814
31.0092332183558
31.74969842220889
37.69280569686089
22.53540998317476
34.84121310902992
29.463056172971843
21.739700554826413
39.63146549795056
50.48348666241509
38.19893759500701
39.818284354987554
35.41588251973735
51.41224151593633
20.61861403490184
48.93481981853256
56.44301927823107
39.94314935480361
30.083277438097863
39.2365711813909
30.803614433534673
17.35215618755319
39.4068689798587
36.403186091047246
41.40582571271807
57.51790616341167
19.85994502028916
49.88377744011814
22.814394441229524
37.195573260396486
21.528841189137893
20.977966274949722
37.01607020921074
39.25165025793831
41.786666576808784
50.00154589943122
57.09054133621975
39.044763725542
20.58948769190465
26.65234301966848
54.793594604416285
35.10049791293568
20.42446158011444
46.657660097116604
52.676014296594076
17.956195213992032
34.95932917066966
39.705192888504826
47.10172425111523
53.003414582053665
59.63223584694787
23.771605537331197
45.31729472510051
20.165878732223064
37.697038540500216
21.749539135635132
22.618514873465756
17.84451619205356
56.72655595117248
11.15309581400652
40.51841403997969
32.86294254430686
21.276806256719283
53.363811445160536
18.757853408897063
37.931682135968
19.902373502554838
18.365542001993163
34.292798145907
21.143835265684174
15.88821079203626
40.57879972169758
20.302413323224755
40.00109476328362
52.407689898245735
21.437752196652582
53.545176156330854
18.055336461839033
36.036312917713076
37.56132139460533
33.8897280729725
53.46769385650987
34.159370263660094
55.57147613289998
24.042764243495185
18.36330757214455
37.71388053428382
37.257845044950955
19.71617057133699
44.31546375708422
17.870914202649146
49.01383919786895
56.47746666509192
19.383362020016648
54.19486270548077
48.029151020455174
32.41879208071623
18.657445189455757
17.895817050884943
19.67970594196231
13.792900704356725
44.969526860222686
17.765592179785017
16.625810428377008
28.31214764155447
53.89741849940037
32.11873476393521
41.0232710026321
38.31380823830841
32.29620345955482
18.507497732935008
37.388180509151425
9.120041872301954
51.40081905556144
40.099020793422824
56.68231809977441
17.0379283335933
38.85295609943569
42.13707388553303
51.63970584762865
16.800901374517707
15.188646078968302
43.98839908608352
57.28772776492405
15.890349445544414
54.97735660756007
16.623428411548957
34.39714276464656
40.748789194913115
39.04300765134394
39.66506606375333
11.992966032630648
31.923125220055223
37.236307736020535
20.176435370376566
33.553627323999535
44.22195565130096
20.462138953007525
58.407908049412065
17.641602419826086
57.09871272265445
17.935620377829764
57.80270245741121
32.481184352946
50.89496166474419
42.503690439480124
22.549731502658688
41.417844968964346
20.474835977802286
53.91280429903418
49.66083968320163
50.739121570950374
57.59580029844073
55.487188033293926
55.382162048772436
16.88924349291483
17.183461115928367
38.01526697425288
40.25108850255492
34.15744227095274
50.977889451314695
34.4605121659697
57.54731415800051
60.168246051762246
48.10040683223633
37.124230719928164
45.90141482767649
36.71256310190074
35.011930858308915
53.41905456298264
18.90098305157153
22.744147061894182
28.978884199750606
19.672622368307202
27.811095429933626
21.63189565180801
25.38626061650575
38.834056082123425
50.80644998524804
54.91846194199752
22.389963727619033
33.16355965216644
24.389780568162678
15.70290801610099
39.42691454576561
19.6775902491936
55.24333258654224
43.44939658767544
17.877961626072647
19.784709528903477
14.888956004142527
20.377084391657263
20.60087389072578
37.58511878113495
52.3489311504818
35.041588969761506
38.80665310862241
35.31346500312793
20.609525587497046
60.21491062128916
50.33114259495051
38.60459639909095
43.20531901175855
34.98384569393238
44.53098618178046
17.272868919098983
55.37376441207015
28.662945363612376
40.5380112984858
55.57381881590117
30.87069501634687
50.165278048370965
55.364343013206955
18.102922501566354
30.260151697439138
42.43956526333932
39.22162274684524
63.19755523436469
16.138599991245428
48.340435027785134
47.01850612764247
29.991473408153976
19.131376306177117
26.99477740970906
36.58982759225182
18.148718295560684
20.209186284046154
34.982735475932714
68.01149532693671
26.348481440800242
18.413535341096576
27.692194245901188
56.14118673547636
21.437092619453324
26.805159263312817
39.42061000561807
18.556053750944557
43.38744222623063
18.251097536995076
51.792392881179694
55.18074530409649
40.31620174355339
51.99261581801693
32.876867611776106
41.95645834406605
46.123219440778485
45.23463817386073
53.34842793963617
28.419393424701408
38.01317054458195
22.21177471219562
31.003815077565374
39.35714445688063
11.78480193229916
14.730810555192873
56.971302992315024
53.92038370919181
38.6160696943989
37.50051721362979
57.089910152717486
37.2430288916803
12.689041073463159
37.632670546736335
32.48600690494641
29.518822579120748
34.99218324723188
40.38453377070255
21.703077055644826
40.67690982192289
34.079829361871816
17.366248430334963
27.026597074291203
16.39887409110088
55.59199212875682
17.040018702755333
36.37301497219596
20.442367270152317
22.430946648091776
53.68633591424441
37.30863454984501
65.65951985539868
39.601214508729754
25.08360228384845
39.82948230259353
37.99165954478667
34.468738798750564
37.665878994448576
39.918175764614716
56.58821585675468
36.998214998311596
39.08195132680703
34.07077324372949
20.971021512377774
20.507027774874587
18.694619619782316
32.34205580083653
53.65155195686384
38.403561238374095
32.4617244725232
31.456303461163767
16.078519528673496
38.62722514095367
19.788992131361738
26.49877220392227
29.495180548110508
27.759968151804056
54.21244146418758
38.45531661354471
47.88502708761371
20.962083931590314
52.42626456456492
51.42972005633055
39.176863501779735
21.50975491895224
14.568404475721762
19.992572424234822
20.22020092663297
43.64865043244208
34.788206695520785
36.043508844886674
20.47316761345428
20.756814822743763
26.404156198259443
44.1606592037715
28.987167886225503
33.6233317721053
24.795753217767924
20.337989047402516
19.125189728219993
36.71935028251028
20.31411367643159
15.408305357050265
30.268581425480075
52.12044970103307
43.750529433600605
52.86215763335349
30.52913029459887
16.467881928838324
49.92562191764591
19.02086822738056
22.519818321597995
41.8489989664522
19.48621330120659
39.25078871616279
39.4111984729534
36.90300085218041
42.35051933574141
33.276918130286504
51.92199088196503
47.316237837367225
59.29898177564609
18.43050292591215
34.413725513149984
16.561031751916744
36.09705527778715
21.095608977338998
59.880536064156324
39.86396900363616
50.83934603462694
18.40229847439332
52.277162818063516
34.77764122799272
19.90901801837026
35.458229230425786
34.50011573950178
38.59686640498694
56.01611346937715
35.4893501062179
55.80817438167286
39.16837712386041
16.991857355606044
41.55471970589133
21.484347378645907
34.12247068772558
36.340044841199415
14.727301552193238
54.91753701644484
52.750077679229435
19.53588151372969
14.031048857577842
29.970466158556516
49.519373405200895
18.830293369683204
36.918241817329545
36.96257819101447
29.320571557036597
19.00177608113154
36.69741331395926
38.5809467654326
41.78664580103941
19.014523171426845
21.456434889114462
54.818918093224056
17.925224678765517
48.20934567251243
36.953421363432426
56.697932367387686
18.77271994308103
53.38048504781909
34.78350810619304
47.728435717726825
28.7605502489896
38.799484381161164
32.94566798649612
52.88238358698436
40.00192289968254
19.15987071915879
19.94393094573752
50.26896299386863
53.76249688997632
19.65953936232836
44.12632125749951
20.257442683941917
36.77730991184944
16.51273800234776
33.260026613425
37.620018371671904
12.796228831575718
15.80134014620853
39.79949311251403
20.49777573629399
22.43240142124705
43.18315539567266
21.993945808208082
35.50092388613848
52.38515513628954
17.378240443213144
20.045380514056887
18.852555506964563
42.048878090281505
39.148769807070494
23.52240783002344
43.464972931542434
39.30253670696402
20.543161635578144
51.641415921767475
20.116808416787535
54.10466201574309
17.429409538090113
39.46835540846223
52.85889159422368
18.83522230637027
33.555024857923854
31.26378900487907
24.12250119887176
59.744486495037556
40.740575968811754
12.32857620670984
29.012467890424883
16.561623239249457
48.92580441373866
39.72885769471759
21.921415785618592
31.154439573583655
37.529344283393584
50.778202283981955
19.13261747395154
52.04146173855406
34.35999610373983
38.697931564820465
53.87297830166062
31.521179169067178
19.067757899028948
37.15012286847923
36.73932588135358
47.68843931888114
27.90299180705915
31.664401089074087
50.96568122680765
24.00760204618564
48.38224742707098
35.999738579266705
36.481984421698144
19.677613561361795
20.461251023516525
41.176905750035075
43.38337922090432
51.32455863204086
39.443584413675126
