39.313311062869616
31.904532432236007
30.210383278608784
62.52184188051614
42.95229954077513
53.65688866440905
57.7307879939326
68.34619011206087
21.754303215129767
57.680963283200974
29.324533440376396
40.418864042294445
21.482590772939147
13.683646403296734
18.214561731292633
26.736120483474224
34.2248260974884
34.620343407732435
22.538136215734994
20.5115304197534
11.626940062342328
13.693115001660772
31.40229251584969
17.70558870957757
55.65983466804027
29.607283927907698
30.795865828986276
22.486255354306195
37.40621036704397
32.91677257802803
62.16977141884853
48.217249521258054
44.00598657812225
21.073667099699378
26.119352980458643
51.79709315780201
62.305936540360555
34.05406690799282
26.449377984681632
34.64217016735347
36.14078779210104
34.04276518631377
40.20469817187404
37.490085022727726
37.395726998511236
22.824092615337577
13.81506817524496
15.693124211247776
41.8695594125893
37.395533616654575
24.720707683445653
48.695071227120934
27.039500551472884
38.43540664674947
21.5090848676482
37.12848300128826
38.50984888267703
41.26729783092742
42.55910667416174
38.22781682247296
17.378538417688105
40.6431074552529
51.867082474927884
48.611838972283294
13.789782877574908
56.222898993291885
38.07521054550307
49.63983495472348
22.47480896730849
9.656953244120814
16.325726843933808
46.77397179912077
32.73526795455837
37.02949349099072
40.255853666894836
28.59963401133427
64.55781760305399
25.75233853494865
60.65473302587633
33.04194652082515
14.92322576123115
32.50846003284096
22.67754161184712
42.75755973503692
50.33866084559122
25.560460871929536
64.0620674166712
17.06582567130681
32.98606989701511
36.882302039157366
53.933983530441765
36.60211211172282
38.19344946750789
28.269410644134037
37.45956553102587
32.46340998157393
22.303775904583745
12.682532802864444
68.28677963640075
44.27820754208369
42.29245593451196
29.198954374442106
43.338509703608
42.518322869727854
45.73598126808065
43.88377288996708
35.87736163826776
35.96408209414221
36.54085146408761
15.801214282328145
9.083527828988736
46.03836128881085
31.269340810831633
23.480724680121057
56.75344058254267
23.923894873587415
40.381237478140974
32.78702923853416
19.00907140916388
37.29373292080709
16.46974523246172
14.298242323275188
43.246037075005006
35.236928520316724
41.846179333515465
55.005717916355934
57.25795487815048
7.03735321512795
46.16529418708524
48.4792941257183
40.317701165622566
66.37204974977067
47.434056575002614
33.40894567372743
16.206055891234428
33.7116344300739
-11.242308836153825
30.168093394604508
31.509715672291346
59.538817792054026
50.65254918226856
44.25955150582013
43.8113079580944
14.194164300351984
31.177029082027726
39.25577325717313
21.303077181073604
52.14533524849685
60.36671932524768
64.38664743182017
18.55219567878521
43.074688209890155
41.84783148957649
33.85854633670533
15.698103752583846
26.677193422074197
22.708177519234596
46.735930287104566
36.269888429524144
51.164118899032474
36.80027200025506
36.058541253441945
30.07169902193709
33.75371475121938
44.46615629713051
33.73439181013964
20.500176103814738
42.72794168427936
54.92100896881311
20.625652622402413
41.124826073792065
15.86020038485003
47.246516232553404
15.79574563729693
20.131066660542274
49.643812211434124
49.45962808778859
21.441085886908695
33.94999359443318
27.224329313321505
36.54340770226554
24.173648519354174
18.861500338971382
32.819782839214895
21.59773542152834
29.95061977198929
55.044491980515886
51.29109107219847
45.32852298289072
49.02296562795527
34.764995267323684
18.22070329799317
58.9313692136784
-13.298105906233104
19.221721212670673
33.9654262716067
53.22933370771352
17.8225312862196
60.68403064127778
22.704455358325504
17.121194952051155
57.30194289644714
37.78261237384868
39.37185082468204
45.18591010637465
62.457264594559085
24.764088729716605
18.54215866624145
23.97153829660965
17.442081073386362
55.47647836210671
34.06753632079926
20.631134593349998
23.001594170636963
10.864536150256754
42.88161733711604
62.04960575705626
20.741246933903312
20.955603309266735
28.493595060717777
30.634357839880973
64.38649211777374
19.09705114449025
56.80397309479303
18.475471241617925
44.573179859435186
21.695071911381092
23.03481043272768
16.286108471103944
-2.8825132289057365
14.161182801399262
40.217771954485215
16.430036317615304
38.10418847206165
38.04149150237208
33.790618590137456
18.673008785845013
53.34439308353467
31.141016141191354
56.48262369213625
64.40566003730055
20.774276004522108
40.52827711930149
42.55137000945979
32.37845282710623
53.76057635585312
34.418877607095055
17.052667353709694
19.077119576832047
56.76027603767579
15.910540638287783
16.260052916913992
23.818620865495177
20.60160424152855
15.628593326982807
33.515243433066644
28.535892837680873
39.640292021795176
41.55665233483887
39.593243997660466
19.563922945962986
27.814004153333368
33.616402321786154
13.451102144972538
21.83503150845354
58.06827940978109
25.259275377175072
28.992478861982814
28.34015915432246
55.21657708886778
19.482568735111272
41.044073821103666
53.978764385101385
17.352042291895486
19.191439572750824
8.298850173741812
54.96436199246091
44.66535080500762
36.88788795116125
42.96387640933972
26.914124954055296
32.36802647516015
56.05405075766611
16.16655400939635
40.831892689311644
28.44331077067181
33.38010173974908
65.79693130479427
13.09288289048709
22.49449769005878
42.18802095056162
43.0402413054253
37.05787233193405
44.1885511194414
29.63853687542723
19.744827248359798
32.7154871149105
44.53664825996384
32.37648193826317
8.911489720412646
44.293267115426715
41.52448500462924
16.564915517665213
29.997432840900725
32.47797546791844
38.51094565470703
51.06800038483925
38.583347923122346
13.442032664897852
23.091706717241323
52.73022283872706
52.436708664754406
35.24486697715474
62.089768593432375
20.64411911087518
61.445288537652225
65.2280266789603
27.33096162628499
18.377291963406606
52.22859686618904
37.240265792934224
15.677486670756478
59.97472097806166
18.217766702582594
29.602873134717807
22.482712227792945
37.30245957558509
22.68494416057365
47.93057748611318
22.865808314963942
36.33914933743654
57.36741515574976
26.545305773470318
43.923341868503485
15.89384916842391
39.01116019987967
27.750319952610877
45.54595756417257
23.031685100431787
41.42250438599149
23.218236731918296
34.724548229860375
56.18655920843593
16.48008308657154
12.99835069294204
58.09084646170958
38.89631433557952
33.694869327155175
37.60875988227781
13.076131337220431
46.6505493663135
22.364618308347417
26.945598622842226
37.192389516712865
20.926008024980547
39.36494429799495
21.719947228120873
44.836667364870664
33.76678387139691
36.862811776518356
13.69518357241759
43.69696271169232
20.895002367615234
42.218545560899656
36.46572730358457
37.04693430190673
19.614379688209738
26.315227922896156
63.085644463717465
39.65506748572807
-14.00857884527795
17.076792182342615
58.86153613828355
54.43221737732529
15.926914522424338
49.9395025697595
47.8273625492875
15.908262557059059
19.328899353422457
35.662578944902634
16.67938457612763
0.07553452778665815
45.062421886541415
32.92429506982444
23.08699003478978
15.76165502265212
14.787750599134595
33.27396464228514
26.995390973752365
34.52374600092298
27.083962249889737
14.983789391408207
34.128575531212846
50.44919322972419
14.280806772876529
33.711936798499664
17.99644166312646
44.8947468008555
30.02103877952322
47.119183803442866
61.74048833199776
23.20863548120542
33.27005476603517
45.44164063845528
30.780385409889274
21.213383183931
51.43023911223281
16.640053119772347
16.761315309122438
62.077017322008025
43.98006535921013
51.245069997094106
53.6602163061616
25.831635499343975
47.645391010155436
50.823537311225664
31.049621467900575
22.350974126311485
1.0551512630627258
20.28042295060004
27.58107731351629
13.736060903829639
53.17873936146498
41.85910619708011
52.20276532927528
56.57432468578917
22.438721928483574
57.389308900746975
14.448438272665951
40.32508788368432
54.20272953197127
40.12477391370339
47.52511865372071
18.083895679592388
48.3856809536519
46.661381679587066
26.805679229437374
16.714459045033436
50.445324167230865
40.69284065262764
12.692947710456792
51.60967127303593
27.514671641984023
37.95061231721775
33.646100994883454
23.76153003788204
22.32678783911979
54.63997243423364
18.588420874948497
37.095196270092856
40.572102768783225
45.58392270701006
46.7251999056316
15.230488856104783
36.23609452333767
56.64439260726794
51.171653605706524
50.194387559895404
22.455507082486292
23.028396196605172
42.05334046273492
24.113398858025903
45.85503268244793
43.4199434814218
40.238343755481765
28.89206187537638
31.928861192136534
17.98485721592442
39.6307778370101
45.36266288487241
15.984349179416311
39.5437936502276
57.81406582100316
51.301689534739126
28.313019307097417
16.41376721818233
48.42181830244954
23.328778634095215
28.42028605591622
16.07082295959117
36.498966146609746
61.66183630266459
23.20155109227926
23.38545375969261
34.92363749683136
24.878990309662186
60.81962758325971
52.57639122355613
38.32098088823841
49.30572731318534
44.87331194541184
33.34836243884638
44.52825099651818
35.611603446886875
43.43264410345
23.056847294355975
18.004164002195466
25.17806303440011
31.36313839568174
41.66395901556825
39.269397994939936
34.612560694949934
55.68595828372053
17.384582555678207
52.30429888033541
59.641734119213645
19.53548473538831
21.360802136769053
23.01329581932805
20.684333887766115
32.01506120603881
11.754296611252357
39.11217884888174
35.69087448413484
41.41871976244147
14.751623380652743
20.379961405706126
36.34372688247822
26.239401568454923
36.93226605755626
25.456384674907895
23.10641890435363
29.508571544283765
64.67684634262696
27.71966079744743
39.309771834814455
19.481131395878037
13.346219809682225
27.6235545417876
16.888264504086692
36.85251224669628
40.13174333085772
20.671955148281995
52.91008898348082
32.486275874543935
48.50747524324106
39.679323788004695
34.75045187078649
63.416821390273974
55.93884581612655
55.90080472757108
22.55121341222548
15.92243922568741
26.606241406261688
32.46947450024891
44.873972072673496
5.347571986931143
66.09667860902846
22.852144503121963
54.09703318728134
56.8034017807804
57.761643968842684
51.966811367310584
39.76677738974104
34.08492282833322
60.97160588105907
30.8046040328918
34.113551633345196
24.396324730332708
32.39995448238915
20.119096730923047
44.228768012544606
32.45930472621694
38.96450167449075
26.081972073734505
62.62190642009954
38.739228256599745
29.11317831240012
13.879791268118423
22.520741924381582
30.955097310652487
50.8391213734285
12.653398645488778
29.593052724521836
19.56277663775836
23.26642502885079
36.32840542704798
50.29013085732004
49.734130621072836
25.428892933996394
26.894755272951443
28.109832882910265
21.25817034029751
53.61746625130763
22.24915136685013
18.55389839693089
10.013232700293884
39.62928186811041
13.340477122255834
67.87908274854999
30.53918642181088
44.80730014256551
10.969943157761008
40.4127344416338
38.76406700728694
3.5027550253289514
41.904937037907075
46.38018719851971
54.16153453406878
12.612541890121065
70.97836163593456
11.96002773976943
48.55072416321491
15.997693671306477
63.42175010649952
55.24175984028261
40.18654412648175
39.33230919210473
25.383395928656682
20.358362330443924
37.75664336280897
38.357630478276405
36.450035459711216
22.699728680890985
17.763799312524498
41.61718710092828
27.355432330659823
41.24615522669046
60.14850786159513
54.44454907992622
33.4682745327882
11.773486393030907
27.000712757580914
34.065708199341316
17.647699611552525
46.79665317235049
24.61545480255154
28.556081817077935
20.66095826376113
33.98357581172604
40.474777891358826
8.00961189888767
21.376826696359785
40.06910562166013
40.97215788642643
40.54558452917263
56.476141407620155
37.893645576696144
54.3824390595546
32.23437590713729
36.07237462856574
27.048802810531924
54.20251614268636
32.03039990767138
15.12105529582186
47.83842268661829
62.96829476777929
42.019041415915126
24.53445459177601
48.86612292320933
50.22082064242568
21.74955093578319
19.66451658445294
53.36267319362378
16.891600615053903
39.323161743959645
21.166418502980378
39.64101420788211
35.41693173974636
39.95071814133553
51.484199237893336
51.90219949290622
53.162175162287895
71.1016984685557
37.61313641662127
22.425467778884922
50.55986244187807
47.29066967993276
44.537610266706906
34.928410200518556
37.48096599447308
63.067384561873034
50.33946041803574
14.286858760169705
45.39948390010977
38.74443250824697
-5.988983194401953
50.4612596516381
17.570355314092012
21.166341585922055
52.688839891925454
48.65304300037678
38.09476125825313
38.215715606929734
44.84902046751813
51.97863761059125
28.47167659347178
39.06996583173168
48.34440025515505
22.260812945023645
33.5605989828764
17.58747765525186
31.3315446866909
21.092352200867026
44.498810177174164
31.190223777957723
39.28129040723434
43.299432181811426
25.85490833153017
38.46011532295961
31.193759854068045
18.820323709223885
61.80002961336867
36.281455169955734
13.530497571628075
31.110065411485262
47.27803822825081
51.08111076406203
39.78789782122476
50.488104940450285
41.79693515470717
45.40174223802751
11.767448654427426
52.32498921541264
27.762670077936487
58.51705926615977
47.20189835570636
15.413087225169873
15.399095525935989
31.459542062657416
40.21074629345094
55.18826444313163
44.00900962064043
17.21221039770171
50.868021597125335
23.20184588970733
39.558475442026975
22.553626917942893
22.350270255992655
17.754982451879187
51.56432343501365
33.10070321895182
36.18313619226683
17.658117337123258
62.706341971352224
26.334812444838462
29.270272240682967
28.925673693447603
37.489671823277604
19.00768584018806
25.058390573394718
29.76578846282791
11.330847041972447
55.1806740972097
20.573830023931805
66.45662478113081
26.006768479419407
41.90554699598579
22.140605175081873
24.42413367170957
19.540548531222157
48.410023120231926
48.71617152239196
49.677679976593936
33.60439631505869
32.782090728142066
24.26976315691718
46.81720516673522
64.05885519197909
66.790661586856
63.43548778822878
19.338827567116823
36.03408250637585
12.820897661003983
14.741652788143254
47.2709915949963
61.69052741752238
29.179398743872294
36.27862478460884
35.91176377813099
13.111031378502958
48.08499681239482
24.390666657563997
1.7220529545738827
40.343881529406644
26.310091486084275
33.8258652613149
45.329630382912
15.649684749223523
41.88766855804715
56.422894625575275
26.543743513320806
48.39849090058124
53.73489744379185
53.55030602077022
38.804522367718164
50.800308311590925
20.765569285140373
37.44193419988733
14.76063499394513
18.461108312476426
44.35575711977435
56.550948976655484
20.876777973171556
44.23745564126875
45.56823209422873
24.019748903810978
17.292814566826564
63.83258241985458
13.31753303311416
19.7115986229619
43.94187447469449
35.97427075583255
22.002288892690558
14.49094662311836
45.91777914465638
15.923275702516547
63.22157480026362
30.491321207955476
26.532381544529926
35.6523438487784
19.254053969780216
37.25491619625245
27.90868345109629
32.42697469322593
23.557814719970338
22.577280812402023
36.953028256539255
38.18129081628285
34.22618271288229
46.277298346103635
27.202200741885463
20.209732899820665
63.618683021923054
30.146976123796772
41.487100889207795
14.61989931995049
42.65327272005379
25.438464133185335
27.65843606321141
33.23881391333998
49.91249595332192
33.423043032962596
36.85826926739537
32.870687123795506
65.33201798301889
32.37575711100362
12.866422911611153
39.09257651102962
25.546689341717865
16.243936662795022
34.533496572839795
36.18440301652299
39.598959499562625
24.789788474299712
32.70148535084445
42.10978076516767
40.87981660704827
25.34427804275765
23.739734142873203
28.893588739447292
37.45172373892274
50.522819107573014
59.64692323323106
19.552683630172396
56.0966947225097
25.878537580138072
32.62547909107525
22.134161960275378
18.541529305366566
60.70330722868675
34.669866837066365
13.47036029874289
44.284043025254505
20.278653574496275
46.6221915303322
24.28676283088862
20.170251267700223
59.07163639494683
33.25082610390382
28.65513781071058
56.24806536070536
39.580372428463306
17.158952575118747
17.443250464566518
52.9367597278906
38.65728364980896
23.459931015167967
37.94846758028143
18.670290043519344
46.67308424832299
34.48229003333836
58.9266623079311
19.76332177146105
36.67860644927714
42.206321585399564
61.412390619807404
44.50326431397116
20.723541909683263
18.67073875037022
47.96266952325823
63.9364560105605
60.13505325026926
18.098268658286543
27.899714644445336
28.5917581852118
38.3302005364385
27.606331549031893
51.98440404346911
18.808376096421853
35.0484411821526
18.42691118217772
64.11558625259204
-13.583222764646052
23.55608432844747
43.47129158559255
35.99589130753884
65.09201870503603
55.6794113581418
49.57155864540255
35.458871325681685
24.059358414524468
29.02875670479261
48.10702743998263
50.97239641472697
62.08206493902252
58.26086298620793
21.783619724737946
17.295991007995326
52.091746641963255
49.006391580041964
25.168104132899316
52.81084093730897
38.55392597615719
63.09972438029944
47.09805950187729
33.71269642811967
53.30665102810599
16.221660622250056
31.238298740208844
28.00579383037984
31.259329854219683
26.937308082415257
31.155663126264695
36.647573714435566
27.831606462132182
56.70245181536301
38.08566313236952
9.706948513485258
32.342405478993896
34.931937968940474
51.63117311167298
33.400416166114155
39.25189662259072
27.42351443739608
33.375889019225724
50.12555531866383
49.324475799221545
11.716300665466406
20.399682797142304
26.982556103757815
26.305167912505567
28.824866654758804
44.89288144977763
36.86988319968805
30.96629887295421
22.20157894444128
17.879872462071944
32.28572820662521
35.732022999582114
22.76927387501928
47.14891634794185
39.13528305638465
31.347581380396146
40.44869916251628
32.75532798143104
36.15309222295764
14.541875337454256
26.697434565721778
20.361162418703316
59.93969311384716
52.49795652780449
27.62673820470809
35.89815978775732
23.417794653141755
41.47309032414341
43.047994860535255
34.033253535744734
33.139596397813875
20.630541092396015
38.4920175143634
11.204601436838857
-12.02610688706045
33.549630952620646
24.577037390554324
35.965876493719406
22.00856163399294
56.846778627368614
15.183454783255
19.461683555709897
56.22625445685116
34.85684920451604
16.116230944317067
39.562444340845104
54.286068481451366
21.197432402550476
50.91782877352671
37.64272238477133
56.5651134806103
14.093140551267423
