34.0
27.0
48.0
58.0
49.0
59.0
58.0
60.0
24.0
58.0
30.0
50.0
20.0
17.0
16.0
21.0
41.0
37.0
28.0
28.0
28.0
28.0
49.0
20.0
48.0
31.0
49.0
30.0
48.0
42.0
60.0
53.0
47.0
26.0
22.0
56.0
60.0
17.0
25.0
41.0
42.0
23.0
38.0
38.0
34.0
24.0
20.0
34.0
43.0
22.0
28.0
54.0
29.0
18.0
15.0
22.0
45.0
44.0
34.0
54.0
21.0
43.0
40.0
57.0
32.0
58.0
31.0
48.0
19.0
30.0
21.0
52.0
26.0
27.0
32.0
34.0
59.0
17.0
59.0
43.0
18.0
47.0
17.0
48.0
56.0
29.0
57.0
16.0
37.0
35.0
51.0
39.0
48.0
41.0
54.0
39.0
22.0
23.0
55.0
39.0
41.0
39.0
33.0
53.0
44.0
50.0
50.0
37.0
38.0
34.0
23.0
52.0
45.0
28.0
58.0
25.0
45.0
33.0
22.0
34.0
27.0
18.0
58.0
41.0
53.0
55.0
60.0
25.0
60.0
57.0
40.0
59.0
35.0
32.0
30.0
30.0
19.0
37.0
28.0
50.0
41.0
46.0
53.0
27.0
31.0
51.0
17.0
49.0
50.0
60.0
33.0
52.0
35.0
37.0
18.0
21.0
23.0
40.0
47.0
52.0
55.0
49.0
21.0
30.0
60.0
45.0
15.0
44.0
56.0
20.0
26.0
28.0
55.0
20.0
17.0
35.0
44.0
15.0
36.0
28.0
46.0
28.0
19.0
32.0
20.0
27.0
57.0
47.0
50.0
52.0
36.0
21.0
59.0
17.0
24.0
44.0
51.0
26.0
59.0
35.0
28.0
57.0
46.0
49.0
55.0
52.0
38.0
27.0
30.0
17.0
46.0
22.0
31.0
29.0
24.0
52.0
59.0
31.0
23.0
36.0
48.0
60.0
16.0
57.0
16.0
44.0
34.0
29.0
29.0
26.0
21.0
50.0
33.0
34.0
43.0
21.0
35.0
47.0
37.0
48.0
57.0
25.0
48.0
52.0
32.0
54.0
53.0
23.0
22.0
60.0
32.0
27.0
23.0
39.0
23.0
41.0
38.0
49.0
42.0
45.0
23.0
32.0
39.0
22.0
29.0
59.0
18.0
25.0
15.0
60.0
34.0
55.0
58.0
22.0
24.0
27.0
48.0
43.0
50.0
42.0
45.0
19.0
59.0
17.0
33.0
48.0
25.0
60.0
19.0
24.0
49.0
32.0
29.0
47.0
33.0
35.0
45.0
60.0
33.0
15.0
38.0
50.0
22.0
32.0
40.0
48.0
59.0
37.0
25.0
20.0
47.0
48.0
41.0
58.0
23.0
46.0
58.0
44.0
24.0
54.0
53.0
18.0
60.0
15.0
49.0
21.0
53.0
20.0
44.0
19.0
24.0
57.0
32.0
32.0
30.0
53.0
32.0
58.0
25.0
50.0
29.0
30.0
36.0
19.0
21.0
42.0
42.0
31.0
45.0
15.0
55.0
30.0
16.0
42.0
25.0
47.0
35.0
55.0
48.0
52.0
15.0
46.0
19.0
43.0
38.0
42.0
15.0
22.0
59.0
38.0
17.0
18.0
55.0
50.0
26.0
42.0
43.0
41.0
27.0
36.0
19.0
16.0
43.0
36.0
20.0
19.0
15.0
33.0
36.0
46.0
23.0
21.0
28.0
37.0
22.0
29.0
22.0
34.0
27.0
49.0
55.0
15.0
32.0
40.0
37.0
15.0
58.0
28.0
41.0
53.0
38.0
45.0
58.0
32.0
50.0
52.0
18.0
32.0
19.0
39.0
21.0
21.0
49.0
52.0
52.0
52.0
22.0
50.0
22.0
16.0
56.0
49.0
39.0
29.0
54.0
45.0
28.0
34.0
51.0
46.0
24.0
53.0
45.0
27.0
15.0
29.0
24.0
50.0
30.0
48.0
39.0
54.0
43.0
21.0
51.0
56.0
50.0
48.0
32.0
23.0
59.0
27.0
47.0
40.0
33.0
31.0
29.0
23.0
51.0
53.0
17.0
47.0
58.0
52.0
42.0
15.0
47.0
22.0
22.0
31.0
50.0
59.0
20.0
28.0
35.0
23.0
59.0
49.0
58.0
44.0
42.0
18.0
42.0
33.0
44.0
34.0
15.0
29.0
31.0
33.0
41.0
36.0
56.0
28.0
52.0
56.0
16.0
36.0
18.0
22.0
39.0
19.0
34.0
31.0
41.0
18.0
23.0
53.0
24.0
26.0
35.0
26.0
24.0
59.0
19.0
48.0
35.0
19.0
30.0
15.0
55.0
48.0
30.0
39.0
31.0
47.0
39.0
52.0
53.0
50.0
58.0
16.0
20.0
17.0
28.0
50.0
32.0
50.0
17.0
38.0
58.0
53.0
54.0
29.0
35.0
59.0
24.0
39.0
45.0
37.0
40.0
49.0
28.0
37.0
15.0
51.0
51.0
21.0
30.0
21.0
28.0
58.0
20.0
21.0
29.0
23.0
57.0
48.0
51.0
25.0
20.0
39.0
25.0
52.0
38.0
39.0
18.0
43.0
17.0
54.0
18.0
58.0
19.0
40.0
44.0
20.0
51.0
49.0
36.0
19.0
55.0
24.0
41.0
21.0
53.0
56.0
35.0
46.0
27.0
16.0
38.0
36.0
20.0
19.0
32.0
45.0
27.0
53.0
51.0
53.0
32.0
16.0
50.0
38.0
31.0
58.0
22.0
23.0
26.0
40.0
54.0
18.0
40.0
24.0
56.0
53.0
60.0
42.0
46.0
50.0
45.0
15.0
56.0
41.0
23.0
54.0
57.0
43.0
17.0
60.0
58.0
29.0
25.0
58.0
19.0
44.0
19.0
45.0
38.0
26.0
51.0
58.0
60.0
59.0
47.0
17.0
45.0
46.0
54.0
33.0
34.0
59.0
60.0
28.0
33.0
33.0
23.0
51.0
19.0
51.0
48.0
54.0
42.0
41.0
44.0
48.0
16.0
45.0
47.0
17.0
16.0
32.0
47.0
16.0
49.0
34.0
35.0
42.0
17.0
41.0
49.0
25.0
56.0
35.0
37.0
26.0
57.0
58.0
48.0
55.0
37.0
37.0
19.0
49.0
40.0
46.0
53.0
28.0
28.0
20.0
39.0
58.0
53.0
30.0
54.0
28.0
42.0
18.0
27.0
18.0
54.0
51.0
51.0
43.0
60.0
42.0
32.0
34.0
37.0
18.0
31.0
35.0
27.0
55.0
29.0
54.0
46.0
55.0
25.0
30.0
35.0
37.0
49.0
52.0
34.0
31.0
49.0
44.0
52.0
48.0
57.0
24.0
20.0
18.0
18.0
58.0
58.0
28.0
30.0
47.0
26.0
46.0
37.0
15.0
39.0
29.0
32.0
34.0
28.0
47.0
58.0
17.0
51.0
56.0
43.0
47.0
56.0
22.0
50.0
21.0
22.0
42.0
52.0
18.0
42.0
51.0
24.0
26.0
58.0
42.0
19.0
34.0
28.0
32.0
22.0
59.0
21.0
56.0
37.0
32.0
28.0
26.0
51.0
16.0
19.0
36.0
27.0
31.0
27.0
28.0
38.0
34.0
27.0
58.0
29.0
54.0
25.0
51.0
35.0
18.0
34.0
60.0
51.0
31.0
40.0
59.0
38.0
25.0
45.0
31.0
22.0
50.0
31.0
43.0
42.0
37.0
38.0
58.0
28.0
18.0
28.0
43.0
46.0
60.0
21.0
48.0
18.0
42.0
29.0
19.0
58.0
44.0
25.0
38.0
27.0
43.0
20.0
19.0
50.0
21.0
21.0
57.0
51.0
25.0
23.0
40.0
57.0
22.0
34.0
29.0
42.0
31.0
56.0
42.0
32.0
46.0
59.0
45.0
17.0
20.0
43.0
56.0
54.0
18.0
17.0
20.0
52.0
25.0
52.0
28.0
44.0
18.0
53.0
15.0
26.0
31.0
39.0
56.0
55.0
60.0
37.0
40.0
28.0
48.0
51.0
51.0
58.0
27.0
29.0
59.0
46.0
21.0
53.0
51.0
56.0
52.0
34.0
54.0
15.0
26.0
32.0
39.0
24.0
27.0
40.0
21.0
55.0
54.0
20.0
27.0
38.0
54.0
38.0
37.0
25.0
40.0
41.0
47.0
18.0
27.0
21.0
17.0
27.0
58.0
32.0
43.0
24.0
36.0
41.0
31.0
29.0
45.0
44.0
47.0
46.0
34.0
49.0
30.0
43.0
23.0
50.0
46.0
43.0
31.0
18.0
52.0
19.0
25.0
33.0
36.0
51.0
27.0
23.0
49.0
28.0
34.0
34.0
55.0
28.0
36.0
50.0
31.0
23.0
36.0
49.0
31.0
36.0
39.0
58.0
31.0
