52.0
17.0
45.0
22.0
50.0
31.0
43.0
53.0
21.0
28.0
58.0
33.0
19.0
37.0
37.0
51.0
41.0
32.0
19.0
60.0
36.0
59.0
60.0
57.0
42.0
45.0
43.0
26.0
46.0
42.0
36.0
57.0
33.0
60.0
20.0
38.0
15.0
59.0
32.0
41.0
52.0
24.0
43.0
17.0
25.0
46.0
59.0
48.0
24.0
53.0
59.0
22.0
17.0
40.0
31.0
55.0
27.0
39.0
59.0
16.0
49.0
26.0
35.0
56.0
19.0
46.0
17.0
55.0
32.0
45.0
36.0
32.0
27.0
37.0
29.0
24.0
51.0
15.0
20.0
17.0
50.0
40.0
59.0
44.0
35.0
43.0
18.0
23.0
60.0
17.0
20.0
44.0
21.0
29.0
39.0
45.0
18.0
47.0
60.0
40.0
17.0
57.0
55.0
56.0
56.0
59.0
52.0
19.0
24.0
37.0
54.0
37.0
25.0
47.0
26.0
29.0
37.0
48.0
24.0
52.0
42.0
15.0
15.0
33.0
15.0
42.0
40.0
18.0
21.0
43.0
22.0
30.0
38.0
18.0
42.0
55.0
56.0
50.0
54.0
29.0
15.0
27.0
26.0
20.0
37.0
44.0
46.0
46.0
54.0
27.0
43.0
17.0
21.0
38.0
17.0
21.0
51.0
37.0
56.0
32.0
57.0
45.0
18.0
29.0
60.0
28.0
51.0
27.0
28.0
31.0
47.0
55.0
17.0
38.0
21.0
18.0
19.0
28.0
39.0
41.0
23.0
23.0
46.0
47.0
59.0
28.0
25.0
31.0
59.0
28.0
17.0
35.0
58.0
16.0
59.0
46.0
53.0
48.0
21.0
30.0
25.0
47.0
36.0
45.0
37.0
16.0
28.0
49.0
54.0
24.0
24.0
48.0
59.0
58.0
53.0
56.0
58.0
40.0
39.0
22.0
47.0
42.0
33.0
43.0
32.0
23.0
57.0
24.0
38.0
42.0
33.0
49.0
23.0
17.0
16.0
31.0
38.0
31.0
45.0
19.0
48.0
23.0
27.0
46.0
39.0
52.0
28.0
30.0
32.0
37.0
44.0
35.0
33.0
43.0
20.0
29.0
28.0
24.0
34.0
29.0
32.0
39.0
52.0
41.0
20.0
22.0
56.0
59.0
16.0
44.0
58.0
59.0
30.0
48.0
26.0
17.0
60.0
27.0
30.0
52.0
55.0
36.0
56.0
31.0
23.0
57.0
40.0
57.0
55.0
56.0
45.0
21.0
54.0
53.0
19.0
52.0
17.0
41.0
36.0
36.0
51.0
57.0
33.0
25.0
24.0
38.0
36.0
34.0
34.0
30.0
23.0
38.0
30.0
19.0
44.0
56.0
34.0
47.0
57.0
34.0
29.0
30.0
49.0
19.0
57.0
20.0
17.0
51.0
31.0
50.0
55.0
48.0
20.0
46.0
32.0
49.0
56.0
28.0
46.0
52.0
58.0
37.0
45.0
46.0
28.0
52.0
35.0
41.0
36.0
16.0
44.0
21.0
19.0
48.0
38.0
29.0
25.0
26.0
56.0
22.0
19.0
17.0
21.0
46.0
38.0
15.0
49.0
38.0
16.0
35.0
48.0
38.0
20.0
42.0
16.0
43.0
35.0
49.0
40.0
49.0
35.0
54.0
53.0
42.0
57.0
31.0
33.0
47.0
16.0
51.0
48.0
41.0
25.0
39.0
21.0
59.0
52.0
46.0
55.0
33.0
15.0
32.0
21.0
45.0
23.0
53.0
35.0
18.0
57.0
53.0
44.0
46.0
36.0
40.0
45.0
46.0
24.0
26.0
60.0
48.0
53.0
33.0
37.0
40.0
54.0
40.0
27.0
24.0
29.0
50.0
29.0
23.0
44.0
17.0
41.0
52.0
53.0
32.0
41.0
40.0
45.0
59.0
58.0
37.0
44.0
22.0
43.0
36.0
54.0
39.0
53.0
37.0
52.0
28.0
20.0
38.0
48.0
33.0
29.0
49.0
60.0
45.0
35.0
58.0
22.0
57.0
60.0
53.0
41.0
18.0
31.0
22.0
16.0
16.0
19.0
20.0
30.0
53.0
37.0
24.0
36.0
55.0
54.0
19.0
23.0
29.0
41.0
55.0
56.0
41.0
17.0
59.0
55.0
35.0
29.0
59.0
55.0
32.0
19.0
32.0
18.0
58.0
35.0
26.0
35.0
55.0
31.0
15.0
28.0
15.0
29.0
59.0
28.0
48.0
39.0
16.0
32.0
19.0
49.0
24.0
27.0
37.0
20.0
21.0
60.0
49.0
23.0
59.0
20.0
32.0
19.0
33.0
34.0
27.0
23.0
57.0
37.0
47.0
48.0
23.0
53.0
24.0
37.0
40.0
30.0
16.0
50.0
44.0
17.0
43.0
48.0
50.0
32.0
25.0
43.0
17.0
47.0
32.0
48.0
46.0
38.0
41.0
38.0
17.0
34.0
49.0
37.0
17.0
40.0
40.0
20.0
49.0
60.0
23.0
59.0
31.0
32.0
53.0
45.0
16.0
56.0
48.0
58.0
36.0
26.0
38.0
41.0
46.0
36.0
30.0
49.0
39.0
25.0
60.0
43.0
29.0
42.0
21.0
58.0
23.0
18.0
59.0
51.0
43.0
19.0
53.0
45.0
40.0
25.0
46.0
36.0
50.0
50.0
40.0
24.0
32.0
41.0
32.0
49.0
58.0
45.0
40.0
58.0
30.0
40.0
29.0
33.0
37.0
57.0
20.0
32.0
42.0
16.0
20.0
50.0
19.0
49.0
43.0
28.0
25.0
45.0
22.0
17.0
29.0
29.0
18.0
30.0
20.0
56.0
53.0
16.0
40.0
32.0
30.0
60.0
47.0
26.0
42.0
24.0
22.0
53.0
50.0
21.0
35.0
58.0
48.0
24.0
44.0
56.0
25.0
39.0
38.0
59.0
52.0
23.0
15.0
28.0
30.0
15.0
59.0
15.0
20.0
58.0
24.0
17.0
17.0
51.0
28.0
27.0
29.0
57.0
56.0
48.0
43.0
33.0
25.0
53.0
24.0
60.0
38.0
17.0
59.0
52.0
37.0
47.0
46.0
56.0
16.0
46.0
35.0
57.0
38.0
59.0
19.0
49.0
58.0
45.0
60.0
23.0
56.0
31.0
42.0
50.0
47.0
54.0
49.0
36.0
50.0
22.0
57.0
42.0
26.0
29.0
22.0
53.0
53.0
30.0
58.0
25.0
27.0
36.0
26.0
58.0
57.0
44.0
20.0
47.0
38.0
48.0
21.0
59.0
44.0
18.0
28.0
16.0
17.0
38.0
23.0
30.0
20.0
54.0
29.0
44.0
39.0
23.0
48.0
20.0
43.0
28.0
40.0
56.0
26.0
22.0
31.0
23.0
53.0
54.0
21.0
26.0
50.0
21.0
17.0
31.0
53.0
53.0
53.0
28.0
47.0
22.0
18.0
57.0
30.0
43.0
20.0
23.0
43.0
24.0
25.0
43.0
53.0
45.0
59.0
47.0
18.0
53.0
25.0
39.0
59.0
37.0
55.0
49.0
29.0
43.0
35.0
26.0
29.0
15.0
24.0
25.0
39.0
52.0
41.0
32.0
18.0
36.0
33.0
34.0
24.0
35.0
46.0
22.0
48.0
51.0
16.0
36.0
43.0
53.0
39.0
56.0
47.0
35.0
24.0
35.0
25.0
20.0
37.0
50.0
49.0
34.0
25.0
47.0
19.0
17.0
60.0
56.0
34.0
47.0
38.0
39.0
53.0
16.0
18.0
29.0
37.0
56.0
42.0
16.0
21.0
45.0
55.0
43.0
47.0
32.0
18.0
58.0
49.0
58.0
55.0
20.0
51.0
23.0
56.0
58.0
44.0
30.0
23.0
39.0
49.0
32.0
18.0
25.0
40.0
53.0
30.0
23.0
59.0
41.0
33.0
15.0
45.0
27.0
18.0
36.0
47.0
32.0
23.0
36.0
60.0
17.0
46.0
35.0
19.0
55.0
15.0
54.0
22.0
39.0
25.0
40.0
27.0
33.0
33.0
19.0
60.0
48.0
36.0
27.0
55.0
19.0
26.0
54.0
45.0
26.0
57.0
53.0
30.0
58.0
30.0
21.0
25.0
54.0
54.0
28.0
32.0
50.0
31.0
21.0
15.0
39.0
36.0
27.0
51.0
55.0
15.0
54.0
58.0
15.0
31.0
51.0
47.0
48.0
59.0
40.0
25.0
46.0
24.0
35.0
23.0
38.0
51.0
47.0
56.0
29.0
19.0
35.0
19.0
42.0
40.0
60.0
50.0
44.0
56.0
60.0
45.0
36.0
15.0
55.0
20.0
32.0
50.0
22.0
53.0
17.0
27.0
16.0
24.0
51.0
27.0
44.0
15.0
