50.0
17.0
35.0
34.0
16.0
35.0
48.0
41.0
31.0
24.0
58.0
33.0
33.0
21.0
50.0
54.0
48.0
42.0
43.0
53.0
17.0
59.0
16.0
48.0
28.0
37.0
30.0
17.0
19.0
49.0
42.0
59.0
20.0
51.0
43.0
26.0
58.0
15.0
46.0
41.0
41.0
28.0
35.0
42.0
52.0
60.0
23.0
43.0
51.0
17.0
18.0
39.0
45.0
29.0
60.0
42.0
27.0
54.0
15.0
51.0
30.0
56.0
27.0
27.0
26.0
21.0
42.0
18.0
59.0
52.0
17.0
38.0
58.0
19.0
16.0
43.0
32.0
15.0
21.0
40.0
36.0
30.0
22.0
29.0
20.0
37.0
38.0
57.0
29.0
48.0
26.0
48.0
50.0
48.0
60.0
44.0
32.0
26.0
25.0
30.0
26.0
58.0
33.0
37.0
34.0
40.0
47.0
57.0
16.0
28.0
50.0
55.0
26.0
58.0
28.0
18.0
25.0
42.0
35.0
45.0
25.0
54.0
18.0
17.0
37.0
48.0
36.0
46.0
51.0
26.0
44.0
24.0
34.0
47.0
20.0
28.0
36.0
51.0
23.0
53.0
57.0
44.0
28.0
31.0
17.0
21.0
16.0
40.0
21.0
34.0
29.0
58.0
43.0
33.0
36.0
39.0
52.0
53.0
54.0
34.0
57.0
51.0
55.0
20.0
35.0
30.0
23.0
29.0
45.0
44.0
37.0
21.0
44.0
38.0
19.0
30.0
58.0
44.0
20.0
15.0
59.0
19.0
36.0
23.0
41.0
47.0
26.0
56.0
21.0
36.0
16.0
21.0
37.0
33.0
16.0
51.0
58.0
52.0
20.0
40.0
43.0
15.0
45.0
26.0
17.0
22.0
54.0
47.0
28.0
48.0
34.0
54.0
20.0
52.0
28.0
39.0
21.0
55.0
22.0
26.0
20.0
29.0
19.0
28.0
20.0
52.0
35.0
58.0
24.0
20.0
18.0
37.0
21.0
40.0
34.0
38.0
27.0
38.0
31.0
32.0
48.0
17.0
37.0
43.0
33.0
21.0
41.0
16.0
16.0
56.0
45.0
44.0
55.0
20.0
49.0
30.0
43.0
17.0
49.0
19.0
54.0
58.0
46.0
23.0
18.0
41.0
35.0
60.0
37.0
38.0
42.0
39.0
34.0
57.0
15.0
23.0
46.0
19.0
59.0
18.0
35.0
49.0
58.0
30.0
42.0
46.0
18.0
45.0
17.0
51.0
59.0
37.0
58.0
46.0
49.0
55.0
17.0
43.0
23.0
31.0
29.0
42.0
17.0
33.0
30.0
51.0
36.0
26.0
43.0
42.0
35.0
42.0
20.0
54.0
30.0
23.0
32.0
54.0
41.0
29.0
36.0
60.0
15.0
31.0
58.0
45.0
46.0
42.0
29.0
58.0
37.0
28.0
16.0
48.0
42.0
37.0
52.0
45.0
49.0
59.0
25.0
33.0
58.0
24.0
51.0
35.0
46.0
36.0
47.0
26.0
59.0
49.0
46.0
29.0
21.0
22.0
46.0
17.0
50.0
22.0
35.0
20.0
56.0
30.0
24.0
59.0
16.0
20.0
19.0
60.0
23.0
44.0
20.0
29.0
44.0
45.0
42.0
20.0
22.0
38.0
59.0
20.0
28.0
15.0
33.0
45.0
37.0
31.0
60.0
47.0
28.0
30.0
21.0
57.0
48.0
46.0
43.0
60.0
50.0
55.0
58.0
29.0
50.0
53.0
21.0
22.0
21.0
47.0
56.0
29.0
40.0
34.0
35.0
35.0
52.0
30.0
21.0
52.0
32.0
46.0
47.0
51.0
29.0
55.0
23.0
58.0
29.0
40.0
18.0
38.0
18.0
26.0
57.0
46.0
38.0
31.0
20.0
30.0
20.0
55.0
40.0
36.0
15.0
28.0
42.0
24.0
30.0
35.0
47.0
58.0
58.0
28.0
23.0
15.0
43.0
54.0
20.0
47.0
20.0
49.0
50.0
49.0
49.0
49.0
21.0
56.0
51.0
43.0
16.0
45.0
28.0
35.0
49.0
55.0
54.0
24.0
28.0
57.0
37.0
27.0
57.0
28.0
30.0
42.0
18.0
41.0
36.0
58.0
28.0
52.0
28.0
38.0
21.0
36.0
55.0
48.0
17.0
19.0
20.0
28.0
48.0
32.0
60.0
26.0
24.0
36.0
53.0
55.0
20.0
19.0
54.0
27.0
46.0
19.0
43.0
15.0
21.0
38.0
53.0
45.0
48.0
18.0
52.0
54.0
50.0
46.0
15.0
46.0
30.0
42.0
37.0
52.0
54.0
47.0
29.0
25.0
51.0
27.0
30.0
42.0
18.0
47.0
49.0
41.0
40.0
54.0
31.0
34.0
32.0
39.0
19.0
53.0
57.0
18.0
27.0
26.0
22.0
38.0
36.0
46.0
21.0
30.0
26.0
48.0
28.0
38.0
39.0
24.0
28.0
45.0
16.0
59.0
52.0
53.0
25.0
16.0
24.0
46.0
22.0
28.0
54.0
37.0
20.0
37.0
16.0
54.0
47.0
24.0
53.0
16.0
23.0
30.0
50.0
22.0
57.0
33.0
58.0
32.0
49.0
42.0
39.0
58.0
29.0
53.0
28.0
59.0
24.0
54.0
28.0
38.0
27.0
47.0
34.0
21.0
55.0
56.0
45.0
32.0
40.0
21.0
36.0
37.0
51.0
36.0
34.0
33.0
18.0
53.0
26.0
15.0
36.0
26.0
52.0
51.0
15.0
58.0
39.0
23.0
41.0
45.0
52.0
47.0
34.0
47.0
60.0
55.0
30.0
52.0
15.0
15.0
42.0
53.0
60.0
34.0
30.0
49.0
57.0
39.0
18.0
58.0
17.0
20.0
47.0
24.0
40.0
15.0
53.0
50.0
17.0
54.0
16.0
40.0
32.0
38.0
28.0
49.0
23.0
44.0
50.0
45.0
41.0
53.0
51.0
37.0
40.0
59.0
57.0
22.0
19.0
38.0
53.0
32.0
41.0
33.0
55.0
28.0
22.0
58.0
53.0
26.0
52.0
35.0
41.0
39.0
57.0
25.0
19.0
48.0
34.0
39.0
38.0
27.0
17.0
44.0
39.0
54.0
19.0
43.0
48.0
32.0
29.0
39.0
40.0
43.0
53.0
17.0
45.0
45.0
35.0
58.0
16.0
35.0
44.0
51.0
59.0
41.0
23.0
33.0
59.0
30.0
43.0
32.0
59.0
39.0
39.0
15.0
49.0
37.0
52.0
30.0
36.0
40.0
18.0
24.0
51.0
51.0
58.0
55.0
49.0
52.0
20.0
29.0
58.0
17.0
28.0
55.0
51.0
58.0
39.0
47.0
29.0
33.0
59.0
30.0
37.0
60.0
46.0
27.0
47.0
35.0
53.0
59.0
59.0
36.0
58.0
55.0
36.0
22.0
21.0
24.0
58.0
29.0
39.0
46.0
55.0
54.0
38.0
37.0
33.0
49.0
46.0
28.0
29.0
33.0
55.0
16.0
30.0
36.0
24.0
34.0
58.0
23.0
57.0
22.0
40.0
60.0
58.0
15.0
36.0
34.0
47.0
29.0
34.0
57.0
36.0
34.0
43.0
22.0
41.0
47.0
43.0
32.0
49.0
42.0
24.0
39.0
30.0
49.0
19.0
48.0
18.0
37.0
34.0
47.0
16.0
46.0
58.0
49.0
51.0
32.0
23.0
31.0
56.0
48.0
32.0
54.0
35.0
60.0
60.0
15.0
54.0
48.0
32.0
30.0
49.0
60.0
41.0
60.0
20.0
40.0
44.0
17.0
21.0
56.0
49.0
34.0
32.0
28.0
16.0
35.0
18.0
55.0
56.0
39.0
22.0
53.0
16.0
24.0
60.0
60.0
33.0
53.0
20.0
36.0
41.0
21.0
34.0
34.0
32.0
25.0
43.0
24.0
38.0
29.0
27.0
16.0
18.0
22.0
38.0
41.0
55.0
32.0
57.0
30.0
18.0
28.0
20.0
56.0
53.0
48.0
37.0
47.0
45.0
55.0
18.0
22.0
57.0
49.0
16.0
59.0
16.0
41.0
39.0
54.0
15.0
51.0
59.0
38.0
45.0
58.0
27.0
18.0
28.0
54.0
55.0
35.0
49.0
60.0
25.0
39.0
25.0
25.0
39.0
59.0
53.0
49.0
49.0
20.0
57.0
40.0
18.0
37.0
21.0
50.0
53.0
44.0
31.0
54.0
15.0
22.0
15.0
47.0
30.0
38.0
36.0
44.0
17.0
28.0
19.0
52.0
59.0
56.0
52.0
18.0
15.0
21.0
28.0
52.0
56.0
56.0
50.0
53.0
49.0
50.0
59.0
37.0
46.0
40.0
40.0
34.0
