29.0
30.0
20.0
45.0
43.0
34.0
34.0
23.0
53.0
60.0
46.0
31.0
23.0
16.0
57.0
55.0
23.0
19.0
33.0
57.0
42.0
28.0
32.0
43.0
25.0
41.0
44.0
31.0
38.0
51.0
55.0
29.0
35.0
44.0
15.0
15.0
52.0
33.0
29.0
51.0
49.0
57.0
16.0
58.0
36.0
20.0
22.0
17.0
21.0
32.0
49.0
16.0
49.0
16.0
54.0
46.0
35.0
34.0
26.0
44.0
40.0
19.0
24.0
48.0
15.0
41.0
29.0
22.0
40.0
30.0
48.0
32.0
19.0
41.0
56.0
17.0
16.0
49.0
43.0
18.0
22.0
21.0
38.0
51.0
55.0
59.0
49.0
48.0
38.0
36.0
26.0
57.0
22.0
23.0
17.0
26.0
55.0
42.0
59.0
20.0
49.0
33.0
48.0
47.0
44.0
19.0
21.0
19.0
45.0
42.0
53.0
36.0
21.0
36.0
31.0
53.0
51.0
45.0
33.0
59.0
17.0
24.0
47.0
45.0
46.0
15.0
41.0
46.0
41.0
25.0
33.0
41.0
17.0
26.0
53.0
55.0
56.0
36.0
45.0
20.0
35.0
50.0
56.0
50.0
46.0
46.0
41.0
29.0
52.0
17.0
19.0
29.0
49.0
34.0
21.0
43.0
28.0
52.0
58.0
50.0
49.0
39.0
28.0
31.0
54.0
51.0
40.0
24.0
23.0
43.0
18.0
30.0
49.0
47.0
27.0
19.0
49.0
59.0
45.0
48.0
31.0
50.0
43.0
30.0
26.0
17.0
40.0
32.0
26.0
22.0
24.0
44.0
35.0
17.0
45.0
54.0
59.0
16.0
53.0
51.0
26.0
60.0
24.0
23.0
41.0
53.0
17.0
34.0
42.0
15.0
60.0
43.0
31.0
32.0
18.0
41.0
50.0
52.0
48.0
19.0
52.0
20.0
35.0
28.0
59.0
45.0
37.0
56.0
15.0
54.0
29.0
46.0
60.0
53.0
30.0
44.0
58.0
15.0
38.0
58.0
25.0
47.0
30.0
35.0
53.0
33.0
29.0
25.0
29.0
17.0
39.0
50.0
35.0
51.0
50.0
17.0
59.0
35.0
58.0
34.0
30.0
48.0
40.0
28.0
51.0
46.0
20.0
32.0
30.0
26.0
29.0
25.0
59.0
24.0
54.0
25.0
34.0
54.0
54.0
51.0
19.0
16.0
18.0
19.0
43.0
21.0
36.0
55.0
55.0
49.0
18.0
31.0
43.0
41.0
48.0
28.0
52.0
55.0
39.0
16.0
55.0
25.0
44.0
50.0
23.0
57.0
15.0
44.0
20.0
22.0
53.0
39.0
49.0
36.0
30.0
23.0
15.0
27.0
60.0
46.0
31.0
47.0
39.0
55.0
57.0
47.0
20.0
55.0
40.0
48.0
31.0
40.0
39.0
29.0
60.0
33.0
26.0
35.0
53.0
57.0
36.0
34.0
54.0
15.0
55.0
45.0
49.0
48.0
26.0
31.0
19.0
34.0
34.0
54.0
26.0
35.0
26.0
31.0
51.0
54.0
22.0
60.0
56.0
23.0
34.0
37.0
52.0
46.0
30.0
29.0
43.0
17.0
30.0
24.0
55.0
28.0
54.0
20.0
50.0
28.0
51.0
33.0
59.0
32.0
23.0
42.0
54.0
27.0
34.0
60.0
41.0
28.0
32.0
60.0
43.0
37.0
57.0
25.0
48.0
18.0
29.0
28.0
42.0
28.0
37.0
41.0
46.0
47.0
40.0
48.0
22.0
48.0
23.0
21.0
19.0
33.0
30.0
38.0
40.0
15.0
50.0
46.0
51.0
49.0
26.0
47.0
59.0
47.0
20.0
41.0
59.0
16.0
48.0
33.0
19.0
58.0
19.0
31.0
35.0
42.0
35.0
54.0
37.0
57.0
48.0
35.0
43.0
15.0
57.0
51.0
18.0
37.0
25.0
38.0
57.0
28.0
54.0
33.0
16.0
37.0
19.0
36.0
28.0
52.0
51.0
16.0
27.0
55.0
37.0
19.0
33.0
39.0
17.0
54.0
36.0
42.0
30.0
42.0
53.0
29.0
49.0
60.0
52.0
44.0
22.0
49.0
51.0
35.0
45.0
31.0
33.0
19.0
48.0
37.0
38.0
28.0
49.0
35.0
30.0
44.0
36.0
21.0
49.0
46.0
54.0
47.0
34.0
32.0
49.0
57.0
57.0
29.0
39.0
31.0
37.0
52.0
32.0
28.0
60.0
38.0
39.0
46.0
29.0
34.0
39.0
26.0
35.0
30.0
20.0
40.0
49.0
46.0
46.0
35.0
50.0
19.0
48.0
57.0
48.0
35.0
42.0
33.0
16.0
34.0
35.0
40.0
60.0
18.0
51.0
30.0
40.0
25.0
23.0
43.0
40.0
36.0
49.0
59.0
47.0
27.0
32.0
57.0
34.0
29.0
49.0
58.0
28.0
42.0
43.0
46.0
55.0
55.0
28.0
53.0
17.0
51.0
22.0
25.0
22.0
56.0
15.0
39.0
32.0
17.0
49.0
21.0
45.0
30.0
15.0
39.0
31.0
20.0
46.0
22.0
46.0
56.0
19.0
57.0
29.0
37.0
42.0
34.0
56.0
32.0
57.0
30.0
15.0
41.0
34.0
23.0
47.0
21.0
52.0
57.0
20.0
60.0
52.0
43.0
22.0
30.0
31.0
17.0
43.0
22.0
28.0
35.0
57.0
28.0
46.0
49.0
38.0
15.0
42.0
16.0
49.0
46.0
55.0
17.0
44.0
52.0
55.0
26.0
22.0
48.0
56.0
27.0
59.0
25.0
34.0
44.0
45.0
47.0
15.0
36.0
46.0
15.0
36.0
47.0
29.0
58.0
22.0
58.0
19.0
59.0
33.0
51.0
49.0
30.0
47.0
23.0
55.0
52.0
52.0
56.0
56.0
59.0
17.0
25.0
39.0
40.0
36.0
58.0
32.0
57.0
58.0
54.0
35.0
47.0
43.0
45.0
49.0
17.0
29.0
20.0
21.0
32.0
21.0
29.0
42.0
54.0
58.0
29.0
32.0
23.0
15.0
38.0
28.0
55.0
50.0
23.0
30.0
23.0
30.0
16.0
42.0
53.0
35.0
44.0
39.0
15.0
59.0
54.0
45.0
48.0
36.0
46.0
30.0
55.0
33.0
43.0
55.0
40.0
55.0
57.0
27.0
31.0
35.0
51.0
60.0
24.0
51.0
48.0
27.0
33.0
25.0
48.0
29.0
24.0
38.0
59.0
31.0
22.0
27.0
50.0
32.0
30.0
39.0
15.0
43.0
19.0
54.0
56.0
48.0
52.0
43.0
45.0
53.0
43.0
55.0
34.0
36.0
29.0
44.0
47.0
15.0
15.0
56.0
58.0
40.0
41.0
60.0
34.0
23.0
49.0
37.0
37.0
39.0
37.0
27.0
46.0
34.0
28.0
40.0
28.0
55.0
16.0
36.0
24.0
21.0
60.0
41.0
60.0
40.0
31.0
34.0
43.0
42.0
41.0
41.0
57.0
40.0
39.0
36.0
29.0
16.0
25.0
44.0
55.0
38.0
35.0
37.0
27.0
46.0
15.0
32.0
32.0
34.0
59.0
46.0
50.0
27.0
53.0
53.0
38.0
24.0
18.0
20.0
22.0
44.0
37.0
47.0
21.0
28.0
34.0
54.0
33.0
33.0
26.0
31.0
30.0
37.0
25.0
17.0
27.0
48.0
49.0
56.0
29.0
23.0
46.0
33.0
30.0
52.0
20.0
38.0
43.0
37.0
46.0
38.0
54.0
50.0
59.0
23.0
34.0
15.0
41.0
22.0
58.0
41.0
50.0
15.0
58.0
38.0
16.0
44.0
36.0
34.0
53.0
41.0
56.0
37.0
25.0
46.0
24.0
35.0
47.0
16.0
57.0
58.0
22.0
15.0
32.0
52.0
17.0
38.0
34.0
30.0
24.0
35.0
40.0
51.0
24.0
27.0
57.0
30.0
50.0
51.0
60.0
29.0
59.0
31.0
51.0
35.0
40.0
32.0
51.0
42.0
18.0
18.0
58.0
58.0
15.0
53.0
26.0
41.0
16.0
34.0
43.0
18.0
15.0
46.0
24.0
23.0
52.0
27.0
35.0
58.0
15.0
24.0
16.0
50.0
42.0
29.0
43.0
39.0
26.0
53.0
26.0
55.0
25.0
36.0
57.0
30.0
33.0
43.0
34.0
59.0
39.0
16.0
31.0
25.0
41.0
44.0
17.0
27.0
42.0
55.0
18.0
50.0
30.0
43.0
55.0
36.0
22.0
41.0
44.0
51.0
30.0
42.0
50.0
27.0
54.0
39.0
40.0
26.0
24.0
42.0
49.0
52.0
43.0
