28.0
57.0
50.0
53.0
56.0
57.0
17.0
48.0
28.0
54.0
56.0
45.0
20.0
52.0
58.0
20.0
34.0
58.0
31.0
26.0
25.0
28.0
28.0
42.0
33.0
42.0
38.0
49.0
45.0
35.0
28.0
36.0
56.0
48.0
38.0
34.0
59.0
35.0
55.0
16.0
45.0
48.0
52.0
20.0
51.0
55.0
48.0
21.0
60.0
44.0
35.0
54.0
59.0
28.0
48.0
28.0
54.0
15.0
57.0
53.0
30.0
30.0
24.0
26.0
32.0
59.0
47.0
43.0
38.0
32.0
58.0
24.0
18.0
40.0
40.0
45.0
38.0
54.0
59.0
60.0
53.0
37.0
58.0
22.0
20.0
30.0
56.0
53.0
56.0
60.0
60.0
43.0
54.0
22.0
35.0
24.0
41.0
32.0
25.0
43.0
39.0
60.0
50.0
26.0
59.0
40.0
31.0
22.0
48.0
51.0
39.0
32.0
44.0
49.0
39.0
47.0
48.0
54.0
20.0
60.0
34.0
54.0
16.0
48.0
25.0
44.0
33.0
54.0
17.0
51.0
50.0
41.0
49.0
42.0
47.0
50.0
21.0
58.0
36.0
42.0
48.0
47.0
58.0
41.0
25.0
27.0
15.0
47.0
19.0
60.0
33.0
37.0
36.0
59.0
53.0
37.0
50.0
54.0
26.0
32.0
15.0
23.0
51.0
54.0
56.0
16.0
46.0
32.0
40.0
43.0
44.0
26.0
51.0
55.0
47.0
37.0
47.0
30.0
56.0
35.0
18.0
29.0
56.0
53.0
30.0
26.0
30.0
49.0
34.0
37.0
33.0
17.0
38.0
39.0
16.0
35.0
25.0
30.0
53.0
36.0
34.0
27.0
25.0
28.0
58.0
27.0
34.0
34.0
45.0
17.0
43.0
39.0
34.0
52.0
22.0
46.0
32.0
19.0
36.0
59.0
35.0
47.0
49.0
38.0
41.0
45.0
25.0
38.0
17.0
34.0
38.0
42.0
21.0
30.0
38.0
30.0
29.0
17.0
30.0
54.0
43.0
58.0
57.0
16.0
27.0
15.0
32.0
58.0
21.0
58.0
23.0
44.0
30.0
40.0
55.0
19.0
28.0
55.0
53.0
31.0
16.0
47.0
16.0
36.0
17.0
58.0
26.0
52.0
18.0
23.0
45.0
46.0
45.0
54.0
42.0
18.0
54.0
24.0
42.0
21.0
21.0
23.0
34.0
46.0
43.0
43.0
21.0
29.0
52.0
60.0
53.0
22.0
37.0
50.0
25.0
58.0
35.0
45.0
44.0
23.0
50.0
56.0
21.0
20.0
24.0
32.0
31.0
59.0
39.0
57.0
52.0
18.0
49.0
37.0
36.0
57.0
23.0
31.0
21.0
60.0
51.0
34.0
60.0
21.0
34.0
50.0
46.0
31.0
36.0
18.0
18.0
29.0
18.0
24.0
26.0
52.0
41.0
34.0
54.0
36.0
40.0
33.0
31.0
48.0
57.0
46.0
24.0
26.0
60.0
54.0
41.0
59.0
24.0
27.0
41.0
49.0
37.0
23.0
26.0
22.0
42.0
57.0
51.0
31.0
46.0
34.0
56.0
46.0
49.0
39.0
25.0
57.0
54.0
39.0
42.0
52.0
25.0
33.0
60.0
33.0
17.0
51.0
42.0
32.0
21.0
55.0
40.0
19.0
53.0
39.0
52.0
20.0
35.0
28.0
55.0
26.0
15.0
17.0
34.0
43.0
48.0
59.0
29.0
36.0
59.0
60.0
39.0
34.0
43.0
41.0
47.0
19.0
36.0
29.0
39.0
19.0
56.0
36.0
19.0
38.0
34.0
57.0
35.0
21.0
30.0
22.0
56.0
39.0
40.0
42.0
25.0
42.0
24.0
38.0
41.0
23.0
49.0
50.0
56.0
18.0
43.0
30.0
57.0
30.0
36.0
39.0
51.0
40.0
26.0
27.0
35.0
58.0
33.0
43.0
45.0
50.0
57.0
41.0
24.0
41.0
31.0
50.0
29.0
44.0
42.0
56.0
15.0
48.0
40.0
45.0
15.0
21.0
54.0
37.0
55.0
38.0
34.0
36.0
39.0
44.0
54.0
33.0
45.0
21.0
36.0
40.0
18.0
19.0
39.0
46.0
48.0
22.0
56.0
34.0
33.0
34.0
41.0
56.0
26.0
23.0
29.0
31.0
50.0
47.0
36.0
60.0
28.0
20.0
29.0
19.0
57.0
18.0
41.0
41.0
27.0
19.0
27.0
45.0
33.0
49.0
22.0
48.0
18.0
35.0
27.0
39.0
35.0
58.0
38.0
28.0
53.0
30.0
31.0
23.0
49.0
22.0
50.0
53.0
19.0
23.0
45.0
28.0
23.0
37.0
49.0
53.0
34.0
17.0
58.0
19.0
31.0
37.0
31.0
47.0
58.0
50.0
54.0
23.0
46.0
47.0
20.0
60.0
19.0
27.0
44.0
49.0
44.0
23.0
17.0
54.0
25.0
45.0
20.0
27.0
40.0
55.0
25.0
41.0
45.0
51.0
39.0
46.0
20.0
53.0
33.0
34.0
26.0
36.0
20.0
34.0
56.0
33.0
59.0
39.0
53.0
20.0
46.0
15.0
16.0
54.0
46.0
29.0
33.0
31.0
37.0
46.0
49.0
32.0
35.0
57.0
28.0
41.0
58.0
48.0
15.0
20.0
26.0
17.0
21.0
54.0
35.0
26.0
59.0
34.0
49.0
42.0
51.0
26.0
34.0
16.0
49.0
40.0
51.0
56.0
53.0
53.0
39.0
35.0
56.0
16.0
48.0
48.0
18.0
35.0
36.0
34.0
30.0
55.0
39.0
53.0
47.0
32.0
15.0
39.0
28.0
41.0
23.0
20.0
22.0
57.0
16.0
16.0
55.0
58.0
55.0
40.0
44.0
26.0
58.0
49.0
35.0
34.0
34.0
52.0
21.0
23.0
36.0
23.0
15.0
20.0
38.0
49.0
16.0
56.0
60.0
43.0
17.0
22.0
41.0
49.0
50.0
56.0
21.0
40.0
50.0
38.0
48.0
19.0
22.0
29.0
17.0
27.0
46.0
28.0
35.0
53.0
19.0
35.0
50.0
31.0
54.0
42.0
26.0
25.0
42.0
21.0
46.0
21.0
27.0
32.0
42.0
57.0
32.0
29.0
54.0
20.0
19.0
16.0
17.0
25.0
38.0
39.0
15.0
28.0
24.0
22.0
39.0
36.0
50.0
16.0
46.0
31.0
17.0
41.0
22.0
23.0
57.0
55.0
34.0
37.0
54.0
24.0
60.0
25.0
30.0
33.0
43.0
22.0
24.0
20.0
19.0
25.0
28.0
30.0
30.0
55.0
51.0
23.0
23.0
56.0
36.0
29.0
57.0
28.0
52.0
23.0
28.0
15.0
46.0
38.0
16.0
25.0
44.0
40.0
20.0
38.0
35.0
18.0
25.0
51.0
46.0
57.0
40.0
43.0
16.0
54.0
29.0
56.0
23.0
27.0
55.0
47.0
38.0
32.0
58.0
55.0
32.0
60.0
45.0
52.0
20.0
36.0
26.0
37.0
55.0
25.0
46.0
19.0
48.0
41.0
57.0
28.0
16.0
55.0
52.0
49.0
52.0
34.0
58.0
26.0
47.0
35.0
43.0
46.0
19.0
32.0
45.0
22.0
50.0
34.0
43.0
28.0
17.0
32.0
37.0
53.0
39.0
20.0
19.0
16.0
42.0
59.0
43.0
15.0
43.0
38.0
39.0
59.0
54.0
43.0
23.0
53.0
19.0
53.0
46.0
50.0
44.0
39.0
32.0
24.0
18.0
51.0
20.0
19.0
43.0
36.0
38.0
49.0
52.0
53.0
46.0
29.0
40.0
42.0
18.0
29.0
40.0
25.0
55.0
58.0
48.0
59.0
35.0
56.0
15.0
51.0
27.0
39.0
32.0
19.0
44.0
28.0
47.0
46.0
56.0
30.0
51.0
41.0
17.0
59.0
35.0
43.0
23.0
54.0
51.0
58.0
47.0
46.0
52.0
58.0
20.0
59.0
59.0
19.0
25.0
55.0
47.0
36.0
31.0
52.0
38.0
51.0
54.0
59.0
55.0
27.0
39.0
49.0
47.0
48.0
37.0
35.0
18.0
16.0
44.0
56.0
46.0
54.0
24.0
52.0
23.0
20.0
48.0
40.0
58.0
26.0
17.0
43.0
20.0
32.0
24.0
21.0
50.0
19.0
16.0
42.0
15.0
24.0
34.0
40.0
32.0
59.0
35.0
59.0
55.0
53.0
31.0
37.0
39.0
32.0
44.0
45.0
25.0
47.0
45.0
38.0
44.0
54.0
36.0
29.0
51.0
30.0
48.0
30.0
22.0
39.0
34.0
17.0
58.0
60.0
